140
0 43 712 657 824 324 186 70 592 514 117 669 245 411 697 688 731 445 427 362 536 878 519 245 141 433 550 138 626 681 551 760 398 143 652 522 46 629 652 499 567 529 199 874 416 731 396 612 428 307 932 321 334 709 687 589 711 537 940 393 201 259 48 563 653 343 548 205 641 467 333 745 583 118 172 822 518 485 646 421 463 363 246 269 704 226 692 278 157 780 555 450 117 222 541 457 353 518 473 533 654 244 475 710 247 473 283 241 558 437 607 29 578 196 542 559 199 192 684 320 494 588 589 194 651 239 445 430 830 468 773 332 368 698 404 744 305 756 340 26
43 0 748 692 859 304 198 111 629 518 75 709 213 429 722 714 771 486 440 399 574 917 555 206 180 473 577 172 666 708 580 795 440 102 684 564 25 666 690 521 608 549 241 912 453 773 416 653 440 292 970 301 360 750 727 625 744 576 978 426 159 253 67 604 679 375 563 220 683 506 373 783 613 80 132 862 560 527 687 425 493 389 228 263 740 247 727 320 187 813 585 477 85 264 572 481 391 554 488 558 694 244 517 752 280 506 319 235 590 450 628 15 610 185 583 598 231 170 715 357 536 612 617 172 654 257 480 464 871 491 814 323 369 739 444 786 290 794 365 67
712 748 0 70 853 789 607 646 637 1051 809 136 955 869 960 927 561 507 923 350 182 733 194 954 647 304 281 578 578 913 808 819 450 825 806 318 757 662 104 875 502 917 547 778 298 288 444 259 935 747 787 782 432 183 165 124 115 567 781 694 899 677 685 239 926 382 976 788 405 251 390 704 224 828 877 632 414 368 508 981 749 409 933 916 9 764 45 480 705 845 228 798 768 539 768 357 610 650 928 869 198 876 330 405 677 260 430 898 192 930 949 738 770 708 307 570 522 757 846 392 340 909 239 895 1166 546 273 287 578 375 534 980 962 451 339 245 981 75 775 688
657 692 70 0 865 722 543 592 638 1020 750 165 901 840 953 921 582 493 893 296 144 760 141 896 601 269 213 521 585 907 796 827 427 765 804 310 702 666 122 854 504 897 501 802 248 326 375 272 904 679 815 714 366 224 200 73 87 564 811 671 840 610 627 236 916 321 954 745 421 209 344 718 156 771 819 660 409 356 521 946 731 342 883 871 66 724 36 440 661 853 158 777 707 496 757 287 584 641 902 852 222 832 312 432 641 195 374 852 122 900 934 682 762 643 304 569 463 693 845 338 328 894 173 843 1138 482 213 228 610 305 562 936 923 474 302 289 933 143 745 633
824 859 853 865 0 1132 921 782 259 634 925 717 927 517 281 250 302 444 559 762 752 204 790 978 686 673 976 810 285 243 305 65 529 954 186 567 842 221 751 421 372 429 679 147 744 590 980 596 573 1103 209 1127 899 682 693 814 951 338 226 434 979 1033 850 633 290 826 480 674 448 728 698 149 952 893 946 271 473 538 345 647 375 908 832 757 846 634 879 639 674 52 928 414 941 652 297 957 478 314 510 374 655 728 587 461 579 853 771 767 887 555 374 845 255 995 568 322 818 1009 173 758 560 349 972 853 651 918 812 806 341 986 351 775 689 409 658 640 825 818 520 808
324 304 789 722 1132 0 226 352 885 813 271 802 420 732 1021 1011 993 715 743 490 652 1159 615 368 451 599 537 328 904 1003 872 1069 646 253 967 723 327 924 770 823 831 852 458 1164 546 914 351 793 742 43 1216 8 362 858 831 675 740 819 1221 709 302 119 288 733 977 430 867 524 870 600 511 1037 590 323 312 1088 757 705 904 721 782 382 491 548 784 549 755 517 480 1090 573 773 223 486 858 441 655 819 792 857 811 539 676 932 565 532 427 521 600 753 930 314 894 137 740 840 341 135 1001 462 702 912 585 430 947 262 531 520 1082 432 1023 599 661 935 585 910 551 854 664 333
186 198 607 543 921 226 0 170 669 695 228 597 400 575 838 823 768 494 600 277 449 936 419 377 263 380 396 112 682 814 680 859 422 235 765 500 219 708 569 652 607 687 242 944 334 696 222 575 603 190 994 219 182 649 622 485 581 599 999 512 312 114 138 516 794 227 714 379 646 390 287 818 439 266 298 864 532 480 680 603 589 210 425 454 600 391 578 293 311 881 415 591 175 269 661 297 447 608 640 680 599 429 452 708 377 349 206 426 429 610 759 197 693 105 518 620 116 152 801 243 478 735 440 369 832 66 335 322 857 302 797 517 552 710 363 697 486 663 492 177
70 111 646 592 782 352 170 0 541 531 183 600 310 406 676 663 671 385 431 297 468 824 453 314 99 364 498 85 570 655 522 719 333 208 615 453 114 579 583 485 507 519 132 823 349 662 356 543 435 328 879 347 286 640 618 524 649 481 886 357 270 266 71 494 631 284 545 213 575 400 264 694 527 187 241 763 453 417 585 440 432 314 298 306 638 222 628 210 142 739 498 428 171 157 507 408 306 471 471 515 584 274 406 644 215 412 219 281 497 441 592 98 542 216 473 503 144 228 650 255 425 570 534 253 667 208 382 367 769 422 711 372 393 633 335 675 354 688 324 45
592 629 637 638 259 885 669 541 0 553 700 507 735 384 331 296 196 186 441 505 512 291 545 776 451 421 726 559 82 281 210 204 270 729 170 329 616 39 534 324 136 356 428 283 490 417 722 381 456 854 342 880 640 488 490 578 725 81 351 230 766 782 611 403 303 567 422 475 254 479 439 154 707 676 732 259 230 290 161 529 211 649 650 585 630 434 657 382 453 230 680 272 707 401 171 701 239 83 411 294 448 549 339 301 358 601 512 587 643 441 351 615 151 749 334 69 563 768 209 499 316 311 726 657 623 662 559 552 298 729 260 621 550 252 403 464 660 618 342 573
514 518 1051 1020 634 813 695 531 553 0 543 952 433 187 372 391 748 567 129 753 876 795 884 497 460 751 995 611 633 396 356 581 604 564 463 752 494 566 958 232 643 209 545 757 783 925 882 841 117 807 826 812 804 961 951 947 1097 568 841 371 539 770 561 827 348 775 155 318 770 812 687 656 1008 492 515 800 678 699 702 93 348 829 336 267 1042 318 1050 586 398 583 977 286 592 539 387 919 445 483 143 271 907 276 726 833 383 884 698 294 961 124 263 513 421 702 769 582 662 682 464 718 723 286 1020 391 137 738 843 828 848 938 812 230 153 791 718 962 289 1064 276 519
117 75 809 750 925 271 228 183 700 543 0 776 175 476 776 771 845 559 479 461 638 989 616 150 253 541 622 233 739 765 641 861 514 29 748 636 85 737 756 573 682 598 314 983 517 845 450 725 477 269 1042 270 405 819 795 686 797 649 1050 492 91 250 127 674 734 431 605 269 757 571 441 854 661 52 71 935 635 600 761 452 556 434 224 278 802 302 786 393 252 879 635 535 60 338 635 523 462 624 531 612 764 270 589 826 347 561 382 250 644 489 678 89 675 178 656 671 288 144 778 420 608 665 664 163 676 293 538 523 945 530 888 330 391 814 514 856 285 858 422 141
669 709 136 165 717 802 597 600 507 952 776 0 906 767 834 800 425 393 824 322 151 600 191 913 581 237 354 545 444 786 687 684 349 796 677 202 713 530 45 763 371 804 485 643 264 162 478 127 836 760 654 795 442 64 36 151 243 441 648 587 866 685 650 126 801 374 866 712 270 208 337 569 304 786 840 499 291 255 374 889 634 426 870 844 130 683 168 410 634 710 295 688 743 471 646 402 508 526 823 753 63 802 228 271 591 282 399 828 249 829 830 697 644 702 187 442 496 747 716 359 229 789 324 840 1060 544 273 283 447 426 401 905 877 315 268 129 912 114 678 644
245 213 955 901 927 420 400 310 735 433 175 906 0 427 732 735 903 628 408 606 778 1024 762 65 333 669 789 382 788 733 625 864 604 179 742 744 200 766 892 530 748 544 423 1008 658 953 622 838 400 428 1072 421 571 942 921 833 955 699 1083 507 120 422 279 794 694 587 532 260 843 708 571 882 825 136 112 986 722 701 826 351 554 600 103 182 947 301 936 502 298 877 797 515 234 440 631 692 509 653 464 575 885 201 700 913 383 717 527 165 801 416 624 220 673 350 764 721 442 309 764 564 714 622 829 78 555 463 690 674 1008 700 955 204 288 892 638 972 145 997 408 268
411 429 869 840 517 732 575 406 384 187 476 767 427 0 307 309 578 381 60 585 696 649 707 484 317 572 831 476 459 307 213 456 420 502 332 566 406 403 774 104 461 122 386 620 609 739 736 655 74 717 688 729 654 775 765 768 919 388 701 185 503 667 454 642 268 615 140 210 587 634 516 505 839 431 473 639 493 513 524 146 174 677 326 247 860 187 870 415 264 465 808 114 513 375 232 762 260 307 68 150 721 227 542 651 218 715 538 262 788 64 203 419 272 606 583 404 519 598 347 553 538 196 853 360 299 606 672 658 681 784 640 259 175 611 539 776 311 879 98 408
697 722 960 953 281 1021 838 676 331 372 776 834 732 307 0 37 492 463 329 765 817 470 844 791 577 708 1007 729 406 51 167 242 541 803 166 644 701 318 856 205 464 190 612 420 767 747 958 707 339 1000 487 1017 873 818 819 888 1039 394 503 333 809 941 734 722 45 814 220 508 584 771 692 354 999 734 778 507 547 598 486 407 255 890 631 552 952 476 975 604 541 234 970 248 807 591 200 961 415 312 273 165 775 533 642 626 462 881 744 568 938 322 113 710 191 888 653 393 758 888 137 745 625 112 1016 666 372 855 837 827 570 987 555 551 460 575 682 794 608 946 358 688
688 714 927 921 250 1011 823 663 296 391 771 800 735 309 37 0 455 434 337 739 787 436 814 793 564 680 980 714 370 15 146 208 513 798 129 612 694 281 823 206 430 198 593 388 740 711 936 673 349 989 455 1007 851 783 784 857 1008 360 471 314 808 928 724 689 45 791 238 503 549 742 667 318 970 730 776 471 514 566 450 419 236 867 634 556 919 470 943 582 531 202 942 238 799 571 174 936 393 281 282 162 741 535 611 590 448 854 722 571 909 331 129 702 160 877 620 359 740 879 101 721 593 116 988 668 401 838 810 800 534 963 518 560 470 538 654 758 616 912 350 678
731 771 561 582 302 993 768 671 196 748 845 425 903 578 492 455 0 286 635 546 487 185 530 939 593 439 721 668 120 441 400 283 347 872 328 312 762 186 463 518 165 549 544 221 512 289 767 312 650 957 244 986 694 385 397 539 665 205 244 413 919 880 740 360 474 615 614 648 163 480 497 156 688 828 886 97 242 304 89 723 405 696 827 767 555 607 591 477 610 307 668 466 841 517 364 724 395 272 606 486 364 729 347 161 521 607 581 766 623 636 535 757 337 861 305 185 654 889 356 556 318 496 709 826 814 746 571 569 106 753 66 808 741 111 436 339 843 521 528 709
445 486 507 493 444 715 494 385 186 567 559 393 628 381 463 434 286 0 440 321 355 444 381 659 309 247 551 388 189 420 304 389 86 587 328 192 477 224 407 371 123 412 260 452 311 361 537 276 453 682 501 709 455 395 387 426 578 109 506 197 635 607 455 271 425 383 473 383 221 309 254 327 538 544 603 379 112 140 202 514 242 464 561 512 499 345 517 202 332 414 510 295 555 232 265 519 133 155 433 362 343 471 181 291 251 425 328 505 476 444 442 471 275 581 206 128 384 606 369 314 167 402 556 552 669 481 381 373 387 547 330 563 514 265 224 396 587 507 300 423
427 440 923 893 559 743 600 431 441 129 479 824 408 60 329 337 635 440 0 631 749 701 759 469 350 624 875 506 517 337 260 500 476 503 377 624 416 458 830 139 520 140 427 669 658 798 772 713 15 731 737 740 692 833 823 820 971 447 751 244 495 685 472 699 294 657 128 223 646 686 564 558 886 431 467 694 551 570 583 91 231 716 305 226 915 210 923 463 291 507 855 170 521 418 284 803 317 365 57 186 779 215 598 710 261 762 580 247 837 10 218 432 322 622 640 463 554 609 387 598 595 222 899 348 250 636 720 706 738 824 698 223 133 670 591 835 280 935 149 427
362 399 350 296 762 490 277 297 505 753 461 322 606 585 765 739 546 321 631 0 178 728 157 604 311 114 248 229 488 727 598 709 236 479 645 244 407 542 297 623 402 665 213 749 59 424 222 305 640 449 787 483 150 373 346 228 358 425 788 443 551 371 336 244 723 70 713 459 401 114 73 634 255 478 528 642 307 243 461 673 516 150 588 580 343 443 332 171 373 734 225 547 424 215 566 199 354 472 651 633 323 542 202 455 371 131 80 559 211 639 718 388 585 382 259 441 176 426 686 43 231 683 268 548 881 229 91 76 621 226 561 646 642 467 111 422 639 397 488 338
536 574 182 144 752 652 449 468 512 876 638 151 778 696 817 787 487 355 749 178 0 671 47 779 466 126 237 405 468 773 658 708 285 656 674 185 581 543 121 712 382 754 366 705 121 284 331 185 760 610 729 644 291 209 181 73 226 434 726 528 728 534 512 128 780 224 811 607 324 70 209 609 202 652 704 574 283 223 414 804 590 276 752 735 173 584 175 300 524 735 182 635 601 358 619 262 441 507 758 711 171 695 176 356 499 138 257 717 137 756 793 563 627 553 186 443 353 600 715 218 196 754 223 716 995 395 123 132 536 288 481 799 783 386 160 268 799 221 601 511
878 917 733 760 204 1159 936 824 291 795 989 600 1024 649 470 436 185 444 701 728 671 0 714 1067 738 623 906 831 256 426 443 229 516 1017 334 497 905 259 640 567 332 587 703 61 695 450 949 493 715 1125 60 1153 875 552 569 721 842 343 63 518 1056 1049 894 544 470 796 646 765 347 665 675 145 872 966 1022 102 421 486 268 791 483 877 938 870 728 724 767 644 743 239 852 537 992 675 418 908 528 372 660 525 540 835 531 330 648 791 757 874 807 699 548 903 379 1025 490 321 824 1048 342 734 501 516 892 947 832 919 756 754 164 937 200 900 823 288 617 498 943 686 625 858
519 555 194 141 790 615 419 453 545 884 616 191 762 707 844 814 530 381 759 157 47 714 0 760 460 139 192 385 506 801 682 744 306 633 705 224 564 578 155 729 419 772 360 747 107 330 288 231 769 573 772 608 254 251 223 71 213 467 770 545 706 499 491 172 805 192 826 605 368 75 204 648 163 634 683 618 318 255 455 809 610 236 743 730 186 585 176 301 521 771 139 652 576 356 645 216 457 535 771 731 216 691 207 401 504 93 236 711 98 766 814 545 655 522 226 477 329 570 746 199 231 776 183 703 1006 362 85 97 581 242 526 796 784 431 170 312 792 245 611 495
245 206 954 896 978 368 377 314 776 497 150 913 65 484 791 793 939 659 469 604 779 1067 760 0 355 677 771 376 826 789 678 914 627 143 793 761 201 809 896 587 780 603 437 1053 659 970 598 853 462 379 1116 369 554 953 931 831 946 736 1126 552 70 382 270 806 751 578 594 305 868 711 577 926 811 128 79 1024 746 720 859 415 603 583 165 243 946 346 932 516 329 928 784 568 203 457 681 672 545 695 525 632 897 258 715 939 420 708 525 223 792 477 683 217 723 313 781 758 434 267 817 563 732 679 813 126 619 441 684 669 1042 678 988 268 352 921 648 986 209 999 458 270
141 180 647 601 686 451 263 99 451 460 253 581 333 317 577 564 593 309 350 311 466 738 460 355 0 348 540 159 487 556 423 622 273 280 517 412 169 488 572 390 431 425 100 734 353 620 424 506 355 426 791 446 345 613 594 529 668 397 799 258 327 364 165 465 533 320 456 150 514 396 258 604 560 237 295 683 392 368 510 372 333 370 289 271 639 142 635 173 64 642 530 330 257 111 408 460 213 378 384 418 556 232 368 585 116 439 244 252 521 359 497 165 444 315 432 419 205 324 551 271 382 473 570 262 594 290 402 386 695 479 638 336 335 568 315 640 334 680 230 123
433 473 304 269 673 599 380 364 421 751 541 237 669 572 708 680 439 247 624 114 126 623 139 677 348 0 306 313 392 666 545 624 169 562 574 132 477 456 225 591 305 634 249 648 73 316 329 195 635 559 682 592 262 278 255 196 348 341 682 407 630 481 416 137 669 182 689 485 289 65 101 538 291 550 604 534 205 139 356 679 472 259 636 614 296 460 300 178 404 650 263 514 511 238 509 288 319 402 634 593 224 574 92 342 374 181 175 597 230 631 676 461 521 485 146 354 270 526 615 138 122 639 309 604 870 338 139 134 509 317 450 678 658 356 35 319 681 333 476 408
550 577 281 213 976 537 396 498 726 995 622 354 789 831 1007 980 721 551 875 248 237 906 192 771 540 306 0 415 692 967 841 928 468 631 878 413 593 760 310 870 605 912 450 938 240 509 187 420 884 496 964 530 218 417 389 203 207 646 962 690 708 435 511 364 966 221 960 689 560 249 320 836 59 654 692 810 504 439 646 911 761 189 794 801 278 680 239 418 604 954 59 795 570 457 807 101 601 705 897 879 395 766 390 591 615 126 297 777 106 884 964 571 822 482 417 658 354 534 919 278 416 929 49 744 1124 331 170 180 772 106 717 867 875 622 327 482 851 355 734 531
138 172 578 521 810 328 112 85 559 611 233 545 382 476 729 714 668 388 506 229 405 831 385 376 159 313 415 0 576 704 570 748 322 252 653 419 183 598 524 547 505 583 132 837 285 624 273 502 511 296 888 322 202 590 565 455 573 492 894 401 323 223 107 448 685 205 615 293 555 338 213 710 446 251 299 763 437 391 580 521 479 230 380 390 570 297 556 191 216 770 418 484 199 159 550 324 335 497 543 573 536 358 370 621 271 335 149 365 420 516 654 162 582 194 438 513 62 224 690 188 394 628 452 331 746 131 309 293 760 338 701 456 476 617 288 631 437 625 388 117
626 666 578 585 285 904 682 570 82 633 739 444 788 459 406 370 120 189 517 488 468 256 506 826 487 392 692 576 0 356 292 243 265 766 242 283 655 90 475 405 88 438 448 265 464 341 709 319 532 870 312 898 631 419 424 530 671 91 318 294 809 795 640 350 382 555 503 531 181 445 429 146 668 719 776 199 189 255 81 604 287 637 709 648 571 490 601 389 498 269 644 349 739 420 253 679 281 153 490 375 383 610 304 221 406 570 509 647 603 518 433 651 232 770 284 69 571 793 278 489 277 392 688 711 705 667 530 525 225 708 182 688 622 171 380 389 724 552 409 605
681 708 913 907 243 1003 814 655 281 396 765 786 733 307 51 15 441 420 337 727 773 426 801 789 556 666 967 704 356 0 135 198 500 793 115 598 687 267 809 204 416 199 583 378 727 697 925 659 349 981 446 999 840 769 770 843 994 346 462 304 803 919 716 675 48 779 242 498 535 729 655 306 957 725 772 459 500 552 436 420 226 856 632 554 905 464 929 570 524 194 929 231 793 560 162 924 382 267 283 158 727 532 598 576 440 841 710 569 896 331 133 696 146 869 606 345 729 872 88 709 580 116 975 664 410 828 797 787 521 951 505 560 470 524 641 744 615 898 344 670
551 580 808 796 305 872 680 522 210 356 641 687 625 213 167 146 400 304 260 598 658 443 682 678 423 545 841 570 292 135 0 244 377 669 120 491 561 215 706 125 328 150 448 409 602 618 792 563 274 849 478 867 707 678 676 729 881 251 492 169 686 786 584 570 125 647 214 378 455 609 525 302 834 604 653 445 397 442 369 350 91 723 528 453 800 341 820 438 395 254 805 111 665 426 42 794 248 162 218 86 631 425 484 508 307 716 577 463 775 257 145 568 66 737 502 258 595 742 140 578 469 104 852 553 414 693 672 661 496 820 466 471 387 460 518 662 521 800 222 539
760 795 819 827 65 1069 859 719 204 581 861 684 864 456 242 208 283 389 500 709 708 229 744 914 622 624 928 748 243 198 244 0 474 889 124 524 778 169 716 362 326 374 618 181 693 566 925 560 514 1041 249 1064 842 654 662 772 914 284 265 370 915 971 786 592 244 771 428 610 416 680 642 129 906 829 882 275 426 490 312 589 311 852 769 694 812 570 843 580 609 27 881 351 877 591 233 905 415 252 453 316 622 665 539 438 515 804 714 704 842 496 325 781 192 932 526 271 758 946 118 702 514 296 926 789 607 858 762 755 342 933 340 714 629 385 607 616 763 789 456 745
398 440 450 427 529 646 422 333 270 604 514 349 604 420 541 513 347 86 476 236 285 516 306 627 273 169 468 322 265 500 377 474 0 540 411 153 435 308 355 428 186 470 202 529 228 353 452 247 488 611 574 640 371 364 351 357 510 192 578 245 596 534 400 224 501 297 528 377 243 232 169 407 458 506 564 443 121 102 259 540 305 379 549 510 442 344 455 131 311 499 430 350 502 177 341 434 160 238 479 426 308 468 123 313 249 343 245 498 398 482 509 426 355 515 172 210 309 544 453 229 123 471 476 530 716 404 299 289 440 462 381 567 530 301 142 379 582 460 329 374
143 102 825 765 954 253 235 208 729 564 29 796 179 502 803 798 872 587 503 479 656 1017 633 143 280 562 631 252 766 793 669 889 540 0 776 660 113 765 775 600 709 624 339 1011 536 868 455 747 500 254 1070 252 415 840 816 702 810 677 1078 520 77 244 147 696 761 446 630 296 782 590 462 882 672 73 68 963 660 625 788 473 584 443 239 298 818 329 801 417 281 907 647 562 61 364 663 532 490 653 556 639 785 292 612 851 376 574 400 271 657 513 704 116 703 173 679 699 304 132 806 439 632 692 674 178 696 301 553 539 972 536 915 347 412 840 536 878 299 875 449 166
652 684 806 804 186 967 765 615 170 463 748 677 742 332 166 129 328 328 377 645 674 334 705 793 517 574 878 653 242 115 120 124 411 776 0 494 666 153 702 239 306 255 525 295 639 582 852 550 391 941 364 962 768 657 660 742 891 241 379 260 798 874 681 570 148 702 313 491 421 635 575 201 864 713 765 352 395 452 322 466 192 781 646 571 798 452 824 499 498 136 836 228 767 500 113 843 319 174 331 195 617 543 499 461 405 752 638 581 801 373 217 671 74 831 501 236 670 840 42 632 478 183 882 668 502 770 709 700 411 871 392 590 505 409 551 630 640 787 336 638
522 564 318 310 567 723 500 453 329 752 636 202 744 566 644 612 312 192 624 244 185 497 224 761 412 132 413 419 283 598 491 524 153 660 494 0 563 359 216 562 198 604 325 526 202 210 459 96 637 684 556 716 393 212 200 250 397 254 555 385 722 605 514 79 609 313 665 527 158 169 213 425 386 636 693 405 100 54 233 691 434 390 695 660 310 495 332 245 457 550 362 486 614 305 451 412 308 333 622 554 156 618 49 211 401 295 297 647 321 629 632 550 454 602 21 260 386 640 535 264 31 592 406 673 859 464 259 258 378 441 319 718 683 224 139 229 732 315 479 497
46 25 757 702 842 327 219 114 616 494 85 713 200 406 701 694 762 477 416 407 581 905 564 201 169 477 593 183 655 687 561 778 435 113 666 563 0 652 696 499 600 527 239 899 461 773 435 654 416 316 958 325 376 753 731 634 756 565 966 409 161 277 84 606 658 388 540 197 678 512 377 769 627 74 130 852 556 525 678 401 475 405 207 239 749 225 737 318 169 796 599 456 107 261 554 498 378 540 465 536 697 220 517 748 264 518 328 211 602 426 606 23 592 209 583 587 243 193 697 365 535 590 632 152 630 276 490 475 863 509 806 300 345 734 448 787 268 801 344 70
629 666 662 666 221 924 708 579 39 566 737 530 766 403 318 281 186 224 458 542 543 259 578 809 488 456 760 598 90 267 215 169 308 765 153 359 652 0 559 335 162 364 467 247 525 431 759 404 473 893 308 918 678 507 511 608 753 117 318 260 800 820 649 430 295 605 429 507 270 512 477 118 739 711 767 237 260 323 170 548 231 687 680 613 655 465 683 421 487 195 714 290 744 440 180 737 276 114 425 301 470 578 372 309 392 636 551 616 675 458 351 652 152 788 362 103 602 806 188 537 348 311 759 689 628 701 594 587 282 766 251 647 573 258 439 479 687 639 368 610
652 690 104 122 751 770 569 583 534 958 756 45 892 774 856 823 463 407 830 297 121 640 155 896 572 225 310 524 475 809 706 716 355 775 702 216 696 559 0 776 398 818 474 682 240 206 440 157 842 728 695 762 408 108 81 108 203 464 690 597 846 653 630 137 823 344 878 707 304 186 321 603 259 769 821 539 311 267 407 892 649 391 861 838 97 681 129 401 627 742 251 700 720 462 666 361 515 547 832 769 101 797 233 311 591 244 376 821 205 836 847 679 666 674 204 467 472 720 742 337 240 807 279 827 1070 514 239 250 489 385 441 900 876 354 258 173 905 109 683 627
499 521 875 854 421 823 652 485 324 232 573 763 530 104 205 206 518 371 139 623 712 567 729 587 390 591 870 547 405 204 125 362 428 600 239 562 499 335 776 0 425 43 441 533 638 714 795 644 153 805 602 819 710 763 756 784 937 348 616 184 605 749 539 640 164 662 104 304 554 655 551 426 872 530 574 569 477 510 478 228 130 731 429 351 867 275 882 453 345 369 842 78 606 425 156 811 273 259 93 47 712 330 546 613 278 749 587 366 817 135 108 510 190 693 576 360 583 689 249 596 536 93 887 463 305 676 705 693 617 835 583 359 270 568 560 755 413 877 161 493
567 608 502 504 372 831 607 507 136 643 682 371 748 461 464 430 165 123 520 402 382 332 419 780 431 305 605 505 88 416 328 326 186 709 306 198 600 162 398 425 0 463 380 348 377 291 623 245 535 796 390 825 546 354 355 447 591 78 394 281 758 719 576 268 434 469 528 497 129 357 345 234 581 667 725 259 102 167 79 602 298 551 677 622 494 458 522 315 452 353 557 359 677 353 287 591 242 168 503 404 312 582 216 190 367 483 426 618 516 523 473 594 278 698 201 72 494 725 345 405 190 431 601 671 729 588 443 438 264 620 208 669 611 153 293 335 698 483 395 545
529 549 917 897 429 852 687 519 356 209 598 804 544 122 190 198 549 412 140 665 754 587 772 603 425 634 912 583 438 199 150 374 470 624 255 604 527 364 818 43 463 0 481 549 680 752 834 684 151 836 618 849 750 803 797 827 980 386 633 227 624 782 571 682 154 703 66 330 592 697 593 449 914 553 594 594 517 551 512 222 171 771 442 363 909 304 924 495 378 377 884 120 633 465 186 852 316 296 85 64 753 346 588 649 315 791 628 380 859 133 81 539 215 724 618 396 621 718 257 637 578 83 929 479 268 713 747 735 646 876 614 363 272 603 603 794 419 918 196 524
199 241 547 501 679 458 242 132 428 545 314 485 423 386 612 593 544 260 427 213 366 703 360 437 100 249 450 132 448 583 448 618 202 339 525 325 239 467 474 441 380 481 0 707 254 535 354 417 435 427 759 452 270 519 499 429 569 362 765 280 399 354 199 372 568 231 521 246 444 296 158 579 466 312 369 638 322 287 457 461 358 292 387 371 539 231 535 80 161 640 435 372 301 28 425 377 207 366 453 461 463 331 279 512 169 343 154 351 423 436 545 227 455 323 345 383 147 346 563 175 296 515 477 355 675 246 304 289 640 399 581 436 429 502 217 550 434 581 291 174
874 912 778 802 147 1164 944 823 283 757 983 643 1008 620 420 388 221 452 669 749 705 61 747 1053 734 648 938 837 265 378 409 181 529 1011 295 526 899 247 682 533 348 549 707 0 721 499 971 532 683 1132 70 1159 894 599 614 759 884 346 85 502 1046 1058 893 579 424 817 606 749 383 694 692 130 907 957 1013 153 444 510 294 759 459 899 918 848 773 708 810 653 734 187 886 510 990 679 389 935 522 360 625 489 582 815 556 374 638 821 773 854 842 666 504 898 348 1029 522 325 835 1050 297 753 528 474 927 932 787 931 783 780 220 964 248 875 794 329 640 548 920 734 604 856
416 453 298 248 744 546 334 349 490 783 517 264 658 609 767 740 512 311 658 59 121 695 107 659 353 73 240 285 464 727 602 693 228 536 639 202 461 525 240 638 377 680 254 721 0 370 258 252 668 505 754 538 196 315 289 177 317 410 755 455 607 427 391 190 727 118 732 498 359 56 98 610 234 532 583 606 277 211 428 705 525 190 636 624 290 479 283 197 414 719 205 561 481 250 567 215 366 465 674 644 266 584 165 409 401 115 137 604 180 666 729 442 583 439 214 423 233 484 680 98 194 692 251 598 907 285 71 63 580 244 521 689 679 426 88 365 685 341 512 391
731 773 288 326 590 914 696 662 417 925 845 162 953 739 747 711 289 361 798 424 284 450 330 970 620 316 509 624 341 697 618 566 353 868 582 210 773 431 206 714 291 752 535 499 370 0 613 122 812 873 502 907 564 105 127 307 400 368 495 555 932 795 722 181 720 488 817 729 164 318 413 442 462 846 902 349 250 254 262 874 585 553 901 861 283 695 325 455 663 591 451 644 821 514 577 545 492 459 787 694 115 820 257 129 599 422 491 851 404 802 763 760 566 800 190 361 585 841 618 454 239 722 483 881 1018 652 402 408 292 572 252 917 873 182 336 51 935 236 661 706
396 416 444 375 980 351 222 356 722 882 450 478 622 736 958 936 767 537 772 222 331 949 288 598 424 329 187 273 709 925 792 925 452 455 852 459 435 759 440 795 623 834 354 971 258 613 0 503 778 310 1008 344 86 539 510 336 389 643 1009 627 532 248 351 440 915 155 873 565 617 300 283 854 240 487 519 862 528 464 682 792 704 73 641 660 438 565 407 356 484 950 223 724 395 371 764 90 544 681 804 813 501 630 420 665 521 197 216 634 253 782 897 412 788 298 471 660 220 350 893 223 450 866 235 587 1016 160 212 207 837 84 778 726 748 683 332 598 701 512 643 381
612 653 259 272 596 793 575 543 381 841 725 127 838 655 707 673 312 276 713 305 185 493 231 853 506 195 420 502 319 659 563 560 247 747 550 96 654 404 157 644 245 684 417 532 252 122 503 0 727 753 550 786 447 120 114 229 357 315 546 472 812 675 601 63 675 370 747 623 150 203 291 448 382 727 783 394 168 147 251 783 514 439 790 755 252 590 284 337 552 586 364 570 700 398 522 442 399 402 708 631 69 714 139 171 496 318 369 743 318 718 706 640 519 679 76 315 464 719 589 332 126 665 402 767 944 532 292 296 352 470 299 814 777 206 215 135 827 239 570 587
428 440 935 904 573 742 603 435 456 117 477 836 400 74 339 349 650 453 15 640 760 715 769 462 355 635 884 511 532 349 274 514 488 500 391 637 416 473 842 153 535 151 435 683 668 812 778 727 0 731 752 739 698 846 836 831 981 462 766 258 490 686 474 711 305 665 133 225 660 696 573 572 895 428 462 709 565 583 598 76 246 723 298 219 926 215 934 472 296 521 865 185 520 427 299 810 329 380 67 199 792 211 610 725 270 771 588 240 847 19 228 432 337 622 653 477 559 608 401 606 608 234 908 342 241 640 729 715 753 831 713 213 122 685 602 849 270 948 160 429
307 292 747 679 1103 43 190 328 854 807 269 760 428 717 1000 989 957 682 731 449 610 1125 573 379 426 559 496 296 870 981 849 1041 611 254 941 684 316 893 728 805 796 836 427 1132 505 873 310 753 731 0 1182 35 320 816 789 632 699 787 1187 684 311 79 267 692 956 388 853 510 833 559 472 1005 549 320 318 1053 720 667 869 714 759 340 492 544 741 532 713 482 460 1062 531 753 215 454 833 399 627 790 778 838 770 532 637 894 542 490 388 516 558 741 912 300 868 113 701 808 304 126 976 422 664 893 544 430 942 222 489 478 1046 391 986 598 656 897 545 869 552 812 645 313
932 970 787 815 209 1216 994 879 342 826 1042 654 1072 688 487 455 244 501 737 787 729 60 772 1116 791 682 964 888 312 446 478 249 574 1070 364 556 958 308 695 602 390 618 759 70 754 502 1008 550 752 1182 0 1210 934 605 622 778 896 398 18 566 1107 1107 949 602 492 855 675 813 405 724 734 191 929 1017 1074 156 480 545 327 827 525 936 984 914 782 772 821 701 794 253 910 577 1047 731 457 967 580 421 694 558 594 881 590 384 699 850 816 919 865 735 573 956 417 1081 549 376 882 1104 365 793 560 543 950 995 855 977 814 813 212 996 254 942 862 344 677 549 987 737 670 912
321 301 782 714 1127 8 219 347 880 812 270 795 421 729 1017 1007 986 709 740 483 644 1153 608 369 446 592 530 322 898 999 867 1064 640 252 962 716 325 918 762 819 825 849 452 1159 538 907 344 786 739 35 1210 0 355 851 823 667 733 813 1215 704 303 112 284 726 973 423 864 521 864 593 504 1031 583 322 313 1082 751 698 898 720 778 375 491 547 776 545 748 510 476 1085 566 769 221 480 854 434 650 814 789 854 804 537 669 926 561 525 420 520 593 750 927 311 889 132 733 835 334 132 997 455 696 908 578 430 945 255 524 513 1076 425 1016 598 660 928 578 903 550 846 660 329
334 360 432 366 899 362 182 286 640 804 405 442 571 654 873 851 694 455 692 150 291 875 254 554 345 262 218 202 631 840 707 842 371 415 768 393 376 678 408 710 546 750 270 894 196 564 86 447 698 320 934 355 0 499 471 314 399 562 936 542 491 246 293 385 829 80 790 489 550 246 203 776 258 436 475 790 454 391 608 716 619 30 579 591 426 487 401 271 407 867 233 639 354 286 679 123 459 597 722 728 456 559 351 603 438 173 131 566 249 701 812 354 703 278 407 580 144 328 809 143 380 781 260 528 938 118 170 160 770 137 710 658 674 616 259 555 637 494 560 316
709 750 183 224 682 858 649 640 488 961 819 64 942 775 818 783 385 395 833 373 209 552 251 953 613 278 417 590 419 769 678 654 364 840 657 212 753 507 108 763 354 803 519 599 315 105 539 120 846 816 605 851 499 0 29 214 296 428 599 592 908 740 693 148 788 429 866 736 239 259 378 534 367 826 881 451 286 265 344 902 633 485 900 869 179 706 221 441 662 679 358 689 788 503 637 464 518 517 828 749 58 828 248 226 611 343 447 855 312 838 822 737 631 754 194 426 544 798 695 408 242 781 386 873 1063 598 331 340 396 489 353 929 894 275 306 66 940 137 689 684
687 727 165 200 693 831 622 618 490 951 795 36 921 765 819 784 397 387 823 346 181 569 223 931 594 255 389 565 424 770 676 662 351 816 660 200 731 511 81 756 355 797 499 614 289 127 510 114 836 789 622 823 471 29 0 187 275 427 617 583 885 713 670 130 787 401 860 720 246 233 355 544 340 804 858 468 281 253 351 890 627 456 882 852 160 690 200 422 644 687 330 682 764 483 635 435 507 514 820 744 45 811 232 240 596 315 421 838 284 828 819 715 631 727 183 426 519 772 698 382 229 778 359 853 1056 571 303 312 415 460 370 912 881 287 284 93 922 129 678 662
589 625 124 73 814 675 485 524 578 947 686 151 833 768 888 857 539 426 820 228 73 721 71 831 529 196 203 455 530 843 729 772 357 702 742 250 634 608 108 784 447 827 429 759 177 307 336 229 831 632 778 667 314 214 187 0 154 502 774 601 776 560 562 182 851 259 883 673 376 136 272 668 156 705 754 622 349 291 472 874 662 293 813 799 116 651 107 367 589 799 144 707 645 424 691 255 513 577 830 783 194 760 246 398 568 143 307 780 98 827 865 615 698 587 247 510 399 636 783 270 265 826 177 774 1066 426 151 165 578 278 526 864 851 434 230 279 862 180 672 565
711 744 115 87 951 740 581 649 725 1097 797 243 955 919 1039 1008 665 578 971 358 226 842 213 946 668 348 207 573 671 994 881 914 510 810 891 397 756 753 203 937 591 980 569 884 317 400 389 357 981 699 896 733 399 296 275 154 0 651 891 754 886 635 678 323 1002 369 1036 814 506 286 414 804 150 822 867 741 496 442 607 1021 815 372 945 938 118 796 76 513 729 940 169 860 751 567 843 300 666 728 982 936 303 899 398 513 716 238 432 917 154 978 1018 735 849 675 391 656 513 726 932 399 415 979 159 901 1218 517 268 284 689 310 643 1003 995 556 381 359 997 184 823 688
537 576 567 564 338 819 599 481 81 568 649 441 699 388 394 360 205 109 447 425 434 343 467 736 397 341 646 492 91 346 251 284 192 677 241 254 565 117 464 348 78 386 362 346 410 368 643 315 462 787 398 813 562 428 427 502 651 0 405 213 719 712 551 330 361 488 451 443 207 399 360 219 628 628 686 289 155 212 138 531 222 571 622 563 560 402 584 309 408 310 601 283 650 334 210 621 191 91 427 327 383 524 261 266 317 521 436 561 564 449 396 562 204 684 261 23 491 706 282 421 239 355 647 622 653 589 479 472 311 650 261 606 544 224 323 411 639 553 328 516
940 978 781 811 226 1221 999 886 351 841 1050 648 1083 701 503 471 244 506 751 788 726 63 770 1126 799 682 962 894 318 462 492 265 578 1078 379 555 966 318 690 616 394 633 765 85 755 495 1009 546 766 1187 18 1215 936 599 617 774 891 405 0 576 1116 1112 956 599 508 857 690 824 403 723 736 201 927 1027 1083 153 482 546 328 841 538 938 995 926 776 782 815 706 803 269 907 590 1054 738 470 967 589 431 708 572 590 892 590 379 709 849 819 931 862 749 588 964 430 1087 548 383 887 1110 381 796 561 558 947 1006 871 981 814 813 204 996 249 955 875 341 678 542 999 730 681 920
393 426 694 671 434 709 512 357 230 371 492 587 507 185 333 314 413 197 244 443 528 518 545 552 258 407 690 401 294 304 169 370 245 520 260 385 409 260 597 184 281 227 280 502 455 555 627 472 258 684 566 704 542 592 583 601 754 213 576 0 547 619 422 462 289 487 283 248 404 471 370 375 689 460 514 487 308 332 350 322 79 560 421 356 686 207 699 276 240 388 659 107 508 259 150 635 90 148 237 190 539 319 365 470 146 567 414 357 633 248 275 412 186 573 401 231 426 581 293 419 358 241 705 430 474 524 523 511 519 660 472 395 332 433 376 591 431 700 116 379
201 159 899 840 979 302 312 270 766 539 91 866 120 503 809 808 919 635 495 551 728 1056 706 70 327 630 708 323 809 803 686 915 596 77 798 722 161 800 846 605 758 624 399 1046 607 932 532 812 490 311 1107 303 491 908 885 776 886 719 1116 547 0 313 217 763 768 521 622 308 838 661 530 917 749 91 34 1007 716 685 836 452 606 520 204 275 892 346 876 478 314 931 723 577 138 421 685 608 529 687 550 647 853 281 675 908 408 650 472 251 733 505 705 173 725 244 742 741 378 198 824 511 694 697 751 150 666 377 628 613 1021 613 965 313 389 894 603 944 258 948 464 226
259 253 677 610 1033 119 114 266 782 770 250 685 422 667 941 928 880 607 685 371 534 1049 499 382 364 481 435 223 795 919 786 971 534 244 874 605 277 820 653 749 719 782 354 1058 427 795 248 675 686 79 1107 112 246 740 713 560 635 712 1112 619 313 0 214 614 897 312 805 463 754 482 393 931 486 299 311 976 643 589 792 677 695 268 471 514 671 481 644 406 405 993 467 693 191 381 768 336 557 720 730 780 693 496 558 815 480 418 309 486 490 695 857 258 802 73 622 733 226 116 910 344 585 835 483 410 906 143 414 403 968 331 908 573 621 819 467 792 533 740 589 259
48 67 685 627 850 288 138 71 611 561 127 650 279 454 734 724 740 455 472 336 512 894 491 270 165 416 511 107 640 716 584 786 400 147 681 514 84 649 630 539 576 571 199 893 391 722 351 601 474 267 949 284 293 693 670 562 678 551 956 422 217 214 0 549 690 309 592 250 641 445 315 764 546 145 193 833 520 481 654 469 495 323 290 316 677 268 663 274 194 807 519 487 102 225 571 415 375 540 517 572 639 292 466 709 278 440 256 289 524 482 647 62 608 155 533 573 165 160 715 295 487 627 551 236 698 193 415 400 838 425 779 380 416 700 389 732 351 732 379 47
563 604 239 236 633 733 516 494 403 827 674 126 794 642 722 689 360 271 699 244 128 544 172 806 465 137 364 448 350 675 570 592 224 696 570 79 606 430 137 640 268 682 372 579 190 181 440 63 711 692 602 726 385 148 130 182 323 330 599 462 763 614 549 0 687 308 743 590 197 141 236 487 328 679 735 447 176 131 291 764 513 376 753 723 231 561 255 294 515 619 309 564 647 355 530 380 382 411 699 632 92 681 103 230 468 257 311 708 264 704 711 591 531 621 69 335 407 662 610 273 105 671 349 726 936 471 230 233 410 408 354 783 752 259 161 183 793 238 552 538
653 679 926 916 290 977 794 631 303 348 734 801 694 268 45 45 474 425 294 723 780 470 805 751 533 669 966 685 382 48 125 244 501 761 148 609 658 295 823 164 434 154 568 424 727 720 915 675 305 956 492 973 829 788 787 851 1002 361 508 289 768 897 690 687 0 772 194 465 557 732 650 345 959 692 737 498 512 561 462 375 211 847 592 514 918 433 940 561 497 241 930 204 763 547 161 918 372 276 239 122 744 494 605 602 417 841 701 530 899 287 85 667 157 844 619 363 714 845 129 702 589 73 976 627 364 811 797 786 558 945 539 517 426 552 642 766 573 914 314 644
343 375 382 321 826 430 227 284 567 775 431 374 587 615 814 791 615 383 657 70 224 796 192 578 320 182 221 205 555 779 647 771 297 446 702 313 388 605 344 662 469 703 231 817 118 488 155 370 665 388 855 423 80 429 401 259 369 488 857 487 521 312 309 308 772 0 748 469 470 171 129 700 244 454 500 711 375 312 529 690 562 83 581 582 375 459 356 211 384 796 215 588 387 241 617 149 400 529 682 676 382 547 271 523 398 131 78 559 215 666 761 367 639 330 327 505 145 378 743 71 300 728 252 535 906 171 110 96 690 174 630 649 655 536 180 481 636 437 518 321
548 563 976 954 480 867 714 545 422 155 605 866 532 140 220 238 614 473 128 713 811 646 826 594 456 689 960 615 503 242 214 428 528 630 313 665 540 429 878 104 528 66 521 606 732 817 873 747 133 853 675 864 790 866 860 883 1036 451 690 283 622 805 592 743 194 748 0 344 657 752 642 510 965 558 594 657 580 612 578 190 234 813 430 352 968 325 982 543 403 429 935 179 646 508 251 896 370 361 76 129 815 342 647 715 353 841 671 373 911 118 110 554 279 743 679 461 657 733 311 683 639 132 980 474 202 745 798 785 710 919 679 340 249 669 657 858 399 979 231 546
205 220 788 745 674 524 379 213 475 318 269 712 260 210 508 503 648 383 223 459 607 765 605 305 150 485 689 293 531 498 378 610 377 296 491 527 197 507 707 304 497 330 246 749 498 729 565 623 225 510 813 521 489 736 720 673 814 443 824 248 308 463 250 590 465 469 344 0 602 538 402 623 709 227 275 729 486 478 574 228 300 516 180 133 779 42 779 308 86 625 679 269 304 249 378 607 256 394 269 344 679 92 489 673 133 587 394 122 669 233 410 211 419 400 547 464 347 390 517 420 497 396 720 183 454 420 550 534 753 625 702 194 186 646 451 755 206 815 157 205
641 683 405 421 448 870 646 575 254 770 757 270 843 587 584 549 163 221 646 401 324 347 368 868 514 289 560 555 181 535 455 416 243 782 421 158 678 270 304 554 129 592 444 383 359 164 617 150 660 833 405 864 550 239 246 376 506 207 403 404 838 754 641 197 557 470 657 602 0 323 362 300 525 749 807 251 123 166 105 726 426 547 780 732 398 565 432 368 546 442 505 487 743 419 414 567 352 297 630 533 208 691 200 71 470 448 447 724 461 649 600 668 402 745 147 198 531 779 458 417 171 559 546 767 858 615 414 414 221 596 162 782 731 67 292 210 807 373 515 617
467 506 251 209 728 600 390 400 479 812 571 208 708 634 771 742 480 309 686 114 70 665 75 711 396 65 249 338 445 729 609 680 232 590 635 169 512 512 186 655 357 697 296 694 56 318 300 203 696 559 724 593 246 259 233 136 286 399 723 471 661 482 445 141 732 171 752 538 323 0 139 589 229 584 636 572 256 191 401 738 536 236 682 666 243 516 242 231 455 706 202 578 536 289 572 245 383 464 697 657 212 626 142 366 432 127 191 647 167 693 740 494 583 495 176 411 288 540 676 152 168 703 248 646 933 340 92 94 542 274 484 730 715 388 96 311 730 289 538 443
333 373 390 344 698 511 287 264 439 687 441 337 571 516 692 667 497 254 564 73 209 675 204 577 258 101 320 213 429 655 525 642 169 462 575 213 377 477 321 551 345 593 158 692 98 413 283 291 573 472 734 504 203 378 355 272 414 360 736 370 530 393 315 236 650 129 642 402 362 139 0 573 324 450 504 593 256 197 409 609 443 211 544 528 382 382 378 102 318 667 293 475 411 153 493 270 282 402 581 560 324 488 166 422 305 200 85 509 274 571 645 361 513 390 231 378 174 429 616 61 192 610 338 508 813 253 157 143 579 297 518 593 582 428 77 419 591 427 418 308
745 783 704 718 149 1037 818 694 154 656 854 569 882 505 354 318 156 327 558 634 609 145 648 926 604 538 836 710 146 306 302 129 407 882 201 425 769 118 603 426 234 449 579 130 610 442 854 448 572 1005 191 1031 776 534 544 668 804 219 201 375 917 931 764 487 345 700 510 623 300 589 573 0 810 828 884 154 334 400 197 648 338 782 794 726 697 581 731 527 605 152 786 393 860 552 274 824 392 231 518 386 506 691 448 313 510 715 652 730 745 556 417 769 237 901 424 199 709 921 218 634 421 382 830 805 702 807 676 671 217 853 211 756 678 261 526 492 799 669 481 726
583 613 224 156 952 590 439 527 707 1008 661 304 825 839 999 970 688 538 886 255 202 872 163 811 560 291 59 446 668 957 834 906 458 672 864 386 627 739 259 872 581 914 466 907 234 462 240 382 895 549 929 583 258 367 340 156 150 628 927 689 749 486 546 328 959 244 965 709 525 229 324 810 0 690 732 774 481 417 616 927 758 230 824 825 221 697 181 425 624 933 31 795 612 470 799 151 600 692 905 878 350 789 368 552 626 125 316 803 66 894 962 606 812 530 387 638 385 581 905 291 393 926 21 777 1135 374 168 181 733 161 680 892 894 586 317 432 879 298 742 563
118 80 828 771 893 323 266 187 676 492 52 786 136 431 734 730 828 544 431 478 652 966 634 128 237 550 654 251 719 725 604 829 506 73 713 636 74 711 769 530 667 553 312 957 532 846 487 727 428 320 1017 322 436 826 804 705 822 628 1027 460 91 299 145 679 692 454 558 227 749 584 450 828 690 0 59 917 626 597 746 401 521 465 173 226 820 263 807 391 224 846 663 496 109 333 600 557 439 598 484 570 770 220 590 819 319 585 398 199 669 441 634 90 640 227 656 651 310 195 742 436 607 622 695 112 625 329 559 544 930 565 874 278 340 803 521 860 234 872 383 143
172 132 877 819 946 312 298 241 732 515 71 840 112 473 778 776 886 603 467 528 704 1022 683 79 295 604 692 299 776 772 653 882 564 68 765 693 130 767 821 574 725 594 369 1013 583 902 519 783 462 318 1074 313 475 881 858 754 867 686 1083 514 34 311 193 735 737 500 594 275 807 636 504 884 732 59 0 974 685 654 804 427 573 504 183 250 869 313 854 448 280 898 705 544 126 391 652 594 496 653 521 616 825 252 646 877 375 630 448 225 713 476 675 144 692 240 713 708 356 198 792 486 664 666 735 125 645 363 606 591 988 599 932 292 364 862 575 916 240 924 432 197
822 862 632 660 271 1088 864 763 259 800 935 499 986 639 507 471 97 379 694 642 574 102 618 1024 683 534 810 763 199 459 445 275 443 963 352 405 852 237 539 569 259 594 638 153 606 349 862 394 709 1053 156 1082 790 451 468 622 741 289 153 487 1007 976 833 447 498 711 657 729 251 572 593 154 774 917 974 0 338 400 185 784 467 791 906 843 627 687 666 573 696 293 755 526 934 610 413 817 480 341 660 531 439 806 442 229 605 698 677 843 710 694 568 848 380 957 397 267 750 983 371 652 412 532 795 909 852 842 664 663 71 846 99 880 808 189 532 398 918 585 600 800
518 560 414 409 473 757 532 453 230 678 635 291 722 493 547 514 242 112 551 307 283 421 318 746 392 205 504 437 189 500 397 426 121 660 395 100 556 260 311 477 102 517 322 444 277 250 528 168 565 720 480 751 454 286 281 349 496 155 482 308 716 643 520 176 512 375 580 486 123 256 256 334 481 626 685 338 0 67 154 625 347 457 661 616 406 449 430 247 426 453 456 403 622 297 356 492 243 237 543 464 236 575 115 193 354 382 340 608 416 556 540 546 356 629 107 161 417 660 436 315 89 499 500 647 778 506 342 338 326 521 266 670 624 181 197 284 691 404 412 495
485 527 368 356 538 705 480 417 290 699 600 255 701 513 598 566 304 140 570 243 223 486 255 720 368 139 439 391 255 552 442 490 102 625 452 54 525 323 267 510 167 551 287 510 211 254 464 147 583 667 545 698 391 265 253 291 442 212 546 332 685 589 481 131 561 312 612 478 166 191 197 400 417 597 654 400 67 0 219 638 382 392 648 611 360 445 379 208 410 516 391 434 582 264 402 426 254 286 569 502 209 569 50 230 350 316 282 599 353 575 582 513 407 580 71 222 365 614 493 254 28 542 436 628 805 450 276 272 382 455 322 668 631 231 133 278 683 368 425 460
646 687 508 521 345 904 680 585 161 702 761 374 826 524 486 450 89 202 583 461 414 268 455 859 510 356 646 580 81 436 369 312 259 788 322 233 678 170 407 478 79 512 457 294 428 262 682 251 598 869 327 898 608 344 351 472 607 138 328 350 836 792 654 291 462 529 578 574 105 401 409 197 616 746 804 185 154 219 0 668 355 610 753 697 502 534 534 389 530 337 594 417 755 430 329 642 319 220 560 451 312 657 264 141 444 528 493 693 551 585 511 672 311 773 230 121 566 801 357 468 235 471 636 749 780 657 490 488 185 671 130 742 681 92 350 310 773 478 465 623
421 425 981 946 647 721 603 440 529 93 452 889 351 146 407 419 723 514 91 673 804 791 809 415 372 679 911 521 604 420 350 589 540 473 466 691 401 548 892 228 602 222 461 759 705 874 792 783 76 714 827 720 716 902 890 874 1021 531 841 322 452 677 469 764 375 690 190 228 726 738 609 648 927 401 427 784 625 638 668 0 319 742 251 177 973 232 978 509 310 595 896 258 500 458 374 832 385 452 138 274 847 183 662 792 306 803 614 203 882 93 294 420 412 609 709 547 574 589 475 636 662 305 938 303 230 647 763 748 826 851 785 152 64 753 645 909 212 999 214 426
463 493 749 731 375 782 589 432 211 348 556 634 554 174 255 236 405 242 231 516 590 483 610 603 333 472 761 479 287 226 91 311 305 584 192 434 475 231 649 130 298 171 358 459 525 585 704 514 246 759 525 778 619 633 627 662 815 222 538 79 606 695 495 513 211 562 234 300 426 536 443 338 758 521 573 467 347 382 355 319 0 637 461 390 740 260 757 352 307 326 729 63 577 336 80 710 163 136 206 122 582 358 420 487 218 638 491 396 700 232 205 481 120 647 448 235 504 653 222 494 409 168 775 479 434 602 593 582 508 736 468 418 342 444 443 625 462 748 147 450
363 389 409 342 908 382 210 314 649 829 434 426 600 677 890 867 696 464 716 150 276 877 236 583 370 259 189 230 637 856 723 852 379 443 781 390 405 687 391 731 551 771 292 899 190 553 73 439 723 340 936 375 30 485 456 293 372 571 938 560 520 268 323 376 847 83 813 516 547 236 211 782 230 465 504 791 457 392 610 742 637 0 608 619 403 512 377 286 433 877 205 659 383 307 694 94 476 610 745 748 443 587 350 598 461 151 146 594 224 725 832 383 718 303 403 587 171 354 822 151 379 800 231 557 963 145 154 146 768 110 709 686 701 614 260 542 666 472 582 345
246 228 933 883 832 491 425 298 650 336 224 870 103 326 631 634 827 561 305 588 752 938 743 165 289 636 794 380 709 632 528 769 549 239 646 695 207 680 861 429 677 442 387 918 636 901 641 790 298 492 984 491 579 900 882 813 945 622 995 421 204 471 290 753 592 581 430 180 780 682 544 794 824 173 183 906 661 648 753 251 461 608 0 80 925 220 918 461 239 781 795 418 281 400 537 702 435 568 362 475 843 104 654 850 311 709 514 66 793 314 522 230 578 399 715 643 441 367 667 547 665 520 831 62 463 483 677 661 932 714 881 110 187 825 603 924 62 968 315 264
269 263 916 871 757 548 454 306 585 267 278 844 182 247 552 556 767 512 226 580 735 870 730 243 271 614 801 390 648 554 453 694 510 298 571 660 239 613 838 351 622 363 371 848 624 861 660 755 219 544 914 547 591 869 852 799 938 563 926 356 275 514 316 723 514 582 352 133 732 666 528 726 825 226 250 843 616 611 697 177 390 619 80 0 908 168 905 437 211 706 796 344 330 377 463 713 381 503 283 397 812 42 621 802 263 706 510 29 789 235 443 260 505 444 679 583 449 419 591 540 629 441 834 126 399 506 671 655 872 728 824 67 115 773 581 888 76 946 246 280
704 740 9 66 846 784 600 638 630 1042 802 130 947 860 952 919 555 499 915 343 173 728 186 946 639 296 278 570 571 905 800 812 442 818 798 310 749 655 97 867 494 909 539 773 290 283 438 252 926 741 782 776 426 179 160 116 118 560 776 686 892 671 677 231 918 375 968 779 398 243 382 697 221 820 869 627 406 360 502 973 740 403 925 908 0 756 45 472 697 838 224 790 761 531 760 352 601 642 920 861 192 868 322 399 669 253 422 889 187 921 941 730 762 701 299 563 514 750 838 384 332 900 237 887 1157 540 266 280 573 370 529 972 954 445 330 241 972 78 767 680
226 247 764 724 634 549 391 222 434 318 302 683 301 187 476 470 607 345 210 443 584 724 585 346 142 460 680 297 490 464 341 570 344 329 452 495 225 465 681 275 458 304 231 708 479 695 565 590 215 532 772 545 487 706 690 651 796 402 782 207 346 481 268 561 433 459 325 42 565 516 382 581 697 263 313 687 449 445 534 232 260 512 220 168 756 0 757 285 82 585 666 233 332 230 339 602 216 352 250 312 649 127 458 635 96 573 383 161 653 220 382 236 380 421 514 423 346 415 479 406 465 365 708 224 452 426 534 519 713 621 662 224 200 607 426 722 243 789 120 222
692 727 45 36 879 755 578 628 657 1050 786 168 936 870 975 943 591 517 923 332 175 767 176 932 635 300 239 556 601 929 820 843 455 801 824 332 737 683 129 882 522 924 535 810 283 325 407 284 934 713 821 748 401 221 200 107 76 584 815 699 876 644 663 255 940 356 982 779 432 242 378 731 181 807 854 666 430 379 534 978 757 377 918 905 45 757 0 473 695 869 187 805 743 530 781 319 613 664 931 878 228 866 338 437 673 230 410 886 155 930 959 718 784 678 324 589 499 728 865 374 352 919 196 879 1168 517 249 264 614 335 568 970 956 481 334 284 968 120 775 669
278 320 480 440 639 517 293 210 382 586 393 410 502 415 604 582 477 202 463 171 300 644 301 516 173 178 418 191 389 570 438 580 131 417 499 245 318 421 401 453 315 495 80 653 197 455 356 337 472 482 701 510 271 441 422 367 513 309 706 276 478 406 274 294 561 211 543 308 368 231 102 527 425 391 448 573 247 208 389 509 352 286 461 437 472 285 473 0 227 604 394 379 376 62 409 359 190 330 481 465 385 397 199 435 204 300 141 420 375 470 550 306 433 385 265 329 182 414 539 143 217 517 439 432 712 281 258 244 570 385 511 501 484 428 144 471 504 509 318 253
157 187 705 661 674 480 311 142 453 398 252 634 298 264 541 531 610 332 291 373 524 743 521 329 64 404 604 216 498 524 395 609 311 281 498 457 169 487 627 345 452 378 161 734 414 663 484 552 296 460 794 476 407 662 644 589 729 408 803 240 314 405 194 515 497 384 403 86 546 455 318 605 624 224 280 696 426 410 530 310 307 433 239 211 697 82 695 227 0 628 593 294 271 167 386 523 217 374 330 378 605 171 415 617 96 502 308 194 583 301 453 174 424 348 476 430 265 348 529 334 426 433 634 222 532 345 464 449 714 542 659 276 272 595 370 685 279 735 185 148
780 813 845 853 52 1090 881 739 230 583 879 710 877 465 234 202 307 414 507 734 735 239 771 928 642 650 954 770 269 194 254 27 499 907 136 550 796 195 742 369 353 377 640 187 719 591 950 586 521 1062 253 1085 867 679 687 799 940 310 269 388 931 993 807 619 241 796 429 625 442 706 667 152 933 846 898 293 453 516 337 595 326 877 781 706 838 585 869 604 628 0 907 363 896 614 247 930 436 275 458 322 648 678 565 462 533 830 738 716 868 503 324 800 206 953 552 296 781 966 121 727 541 298 952 803 603 881 788 781 361 959 362 724 638 410 632 641 774 815 470 764
555 585 228 158 928 573 415 498 680 977 635 295 797 808 970 942 668 510 855 225 182 852 139 784 530 263 59 418 644 929 805 881 430 647 836 362 599 714 251 842 557 884 435 886 205 451 223 364 865 531 910 566 233 358 330 144 169 601 907 659 723 467 519 309 930 215 935 679 505 202 293 786 31 663 705 755 456 391 594 896 729 205 795 796 224 666 187 394 593 907 0 765 587 439 770 133 570 665 874 848 337 759 342 535 596 94 286 773 47 864 933 578 783 507 365 612 357 559 878 261 368 896 47 748 1105 350 137 151 715 148 661 862 864 567 288 423 850 300 711 534
450 477 798 777 414 773 591 428 272 286 535 688 515 114 248 238 466 295 170 547 635 537 652 568 330 514 795 484 349 231 111 351 350 562 228 486 456 290 700 78 359 120 372 510 561 644 724 570 185 753 577 769 639 689 682 707 860 283 590 107 577 693 487 564 204 588 179 269 487 578 475 393 795 496 544 526 403 434 417 258 63 659 418 344 790 233 805 379 294 363 765 0 562 354 121 737 196 198 144 90 637 315 469 548 215 673 514 353 739 170 173 465 162 641 501 297 516 642 250 521 460 144 811 442 375 612 629 617 569 762 530 366 286 506 483 684 413 801 114 441
117 85 768 707 941 223 175 171 707 592 60 743 234 513 807 799 841 555 521 424 601 992 576 203 257 511 570 199 739 793 665 877 502 61 767 614 107 744 720 606 677 633 301 990 481 821 395 700 520 215 1047 221 354 788 764 645 751 650 1054 508 138 191 102 647 763 387 646 304 743 536 411 860 612 109 126 934 622 582 755 500 577 383 281 330 761 332 743 376 271 896 587 562 0 327 656 471 469 634 570 643 735 317 566 811 363 515 345 302 598 531 712 98 694 119 634 672 249 90 799 384 588 697 614 220 727 240 496 481 939 475 881 385 441 802 487 829 342 820 450 135
222 264 539 496 652 486 269 157 401 539 338 471 440 375 591 571 517 232 418 215 358 675 356 457 111 238 457 159 420 560 426 591 177 364 500 305 261 440 462 425 353 465 28 679 250 514 371 398 427 454 731 480 286 503 483 424 567 334 738 259 421 381 225 355 547 241 508 249 419 289 153 552 470 333 391 610 297 264 430 458 336 307 400 377 531 230 530 62 167 614 439 354 327 0 402 389 182 340 442 443 446 337 260 488 158 346 164 360 424 427 527 250 431 350 325 356 170 374 539 180 275 496 482 371 668 270 305 290 613 412 555 441 430 477 205 532 443 570 278 198
541 572 768 757 297 858 661 507 171 387 635 646 631 232 200 174 364 265 284 566 619 418 645 681 408 509 807 550 253 162 42 233 341 663 113 451 554 180 666 156 287 186 425 389 567 577 764 522 299 833 457 854 679 637 635 691 843 210 470 150 685 768 571 530 161 617 251 378 414 572 493 274 799 600 652 413 356 402 329 374 80 694 537 463 760 339 781 409 386 247 770 121 656 402 0 762 221 121 247 123 590 433 445 468 294 681 549 471 738 282 186 559 42 722 462 217 571 730 144 547 430 145 816 557 452 670 637 627 462 789 429 487 406 420 482 621 533 760 224 527
457 481 357 287 957 441 297 408 701 919 523 402 692 762 961 936 724 519 803 199 262 908 216 672 460 288 101 324 679 924 794 905 434 532 843 412 498 737 361 811 591 852 377 935 215 545 90 442 810 399 967 434 123 464 435 255 300 621 967 635 608 336 415 380 918 149 896 607 567 245 270 824 151 557 594 817 492 426 642 832 710 94 702 713 352 602 319 359 523 930 133 737 471 389 762 0 548 670 830 824 431 679 379 609 545 125 225 688 166 812 909 476 783 382 421 636 264 434 884 217 408 876 147 650 1051 231 154 155 786 30 729 779 793 633 300 526 759 427 666 438
353 391 610 584 478 655 447 306 239 445 462 508 509 260 415 393 395 133 317 354 441 528 457 545 213 319 601 335 281 382 248 415 160 490 319 308 378 276 515 273 242 316 207 522 366 492 544 399 329 627 580 650 459 518 507 513 666 191 589 90 529 557 375 382 372 400 370 256 352 383 282 392 600 439 496 480 243 254 319 385 163 476 435 381 601 216 613 190 217 436 570 196 469 182 221 548 0 166 319 279 463 341 282 422 126 478 330 376 544 322 364 377 249 518 325 213 352 533 357 332 279 329 616 431 556 452 434 422 500 574 447 431 382 392 288 524 457 619 172 335
518 554 650 641 314 819 608 471 83 483 624 526 653 307 312 281 272 155 365 472 507 372 535 695 378 402 705 497 153 267 162 252 238 653 174 333 540 114 547 259 168 296 366 360 465 459 681 402 380 790 421 814 597 517 514 577 728 91 431 148 687 720 540 411 276 529 361 394 297 464 402 231 692 598 653 341 237 286 220 452 136 610 568 503 642 352 664 330 374 275 665 198 634 340 121 670 166 0 341 236 470 467 331 354 279 579 467 505 630 367 306 540 121 683 343 101 507 699 215 459 314 265 711 576 563 607 536 527 376 698 334 540 471 310 379 502 578 640 260 500
473 488 928 902 510 792 640 471 411 143 531 823 464 68 273 282 606 433 57 651 758 660 771 525 384 634 897 543 490 283 218 453 479 556 331 622 465 425 832 93 503 85 453 625 674 787 804 708 67 778 694 789 722 828 820 830 982 427 708 237 550 730 517 699 239 682 76 269 630 697 581 518 905 484 521 660 543 569 560 138 206 745 362 283 920 250 931 481 330 458 874 144 570 442 247 830 319 341 0 137 775 270 600 692 285 780 605 302 853 49 162 479 282 668 638 440 587 658 338 620 594 168 919 403 238 673 738 724 706 852 670 279 188 650 602 825 336 936 164 471
533 558 869 852 374 857 680 515 294 271 612 753 575 150 165 162 486 362 186 633 711 525 731 632 418 593 879 573 375 158 86 316 426 639 195 554 536 301 769 47 404 64 461 489 644 694 813 631 199 838 558 854 728 749 744 783 936 327 572 190 647 780 572 632 122 676 129 344 533 657 560 386 878 570 616 531 464 502 451 274 122 748 475 397 861 312 878 465 378 322 848 90 643 443 123 824 279 236 137 0 700 374 541 589 303 756 602 411 821 181 86 546 151 726 566 336 606 725 202 608 529 56 894 507 330 701 712 700 582 849 551 406 317 542 563 737 459 867 194 525
654 694 198 222 655 811 599 584 448 907 764 63 885 721 775 741 364 343 779 323 171 540 216 897 556 224 395 536 383 727 631 622 308 785 617 156 697 470 101 712 312 753 463 582 266 115 501 69 792 770 594 804 456 58 45 194 303 383 590 539 853 693 639 92 744 382 815 679 208 212 324 506 350 770 825 439 236 209 312 847 582 443 843 812 192 649 228 385 605 648 337 637 735 446 590 431 463 470 775 700 0 771 191 211 555 308 395 798 290 784 775 682 587 704 139 383 492 747 656 357 186 734 370 817 1011 551 291 298 390 458 341 872 838 254 250 99 883 171 634 628
244 244 876 832 728 539 429 274 549 276 270 802 201 227 533 535 729 471 215 542 695 835 691 258 232 574 766 358 610 532 425 665 468 292 543 618 220 578 797 330 582 346 331 815 584 820 630 714 211 532 881 537 559 828 811 760 899 524 892 319 281 496 292 681 494 547 342 92 691 626 488 691 789 220 252 806 575 569 657 183 358 587 104 42 868 127 866 397 171 678 759 315 317 337 433 679 341 467 270 374 771 0 580 761 222 669 473 39 752 225 427 239 474 428 638 545 416 407 564 502 588 422 798 134 411 478 633 617 834 695 785 105 126 732 540 846 117 905 212 253
475 517 330 312 587 676 452 406 339 726 589 228 700 542 642 611 347 181 598 202 176 531 207 715 368 92 390 370 304 598 484 539 123 612 499 49 517 372 233 546 216 588 279 556 165 257 420 139 610 637 590 669 351 248 232 246 398 261 590 365 675 558 466 103 605 271 647 489 200 142 166 448 368 590 646 442 115 50 264 662 420 350 654 621 322 458 338 199 415 565 342 469 566 260 445 379 282 331 600 541 191 580 0 258 365 267 249 608 304 604 622 503 452 554 68 271 338 592 540 218 30 582 387 629 837 417 228 224 420 408 360 681 650 266 93 273 692 338 451 450
710 752 405 432 461 932 708 644 301 833 826 271 913 651 626 590 161 291 710 455 356 330 401 939 585 342 591 621 221 576 508 438 313 851 461 211 748 309 311 613 190 649 512 374 409 129 665 171 725 894 384 926 603 226 240 398 513 266 379 470 908 815 709 230 602 523 715 673 71 366 422 313 552 819 877 229 193 230 141 792 487 598 850 802 399 635 437 435 617 462 535 548 811 488 468 609 422 354 692 589 211 761 258 0 541 487 507 795 489 713 651 738 451 809 196 254 594 844 495 474 230 610 572 838 916 674 457 459 182 638 131 852 799 54 350 180 877 361 582 686
247 280 677 641 579 565 377 215 358 383 347 591 383 218 462 448 521 251 261 371 499 648 504 420 116 374 615 271 406 440 307 515 249 376 405 401 264 392 591 278 367 315 169 638 401 599 521 496 270 542 699 561 438 611 596 568 716 317 709 146 408 480 278 468 417 398 353 133 470 432 305 510 626 319 375 605 354 350 444 306 218 461 311 263 669 96 673 204 96 533 596 215 363 158 294 545 126 279 285 303 555 222 365 541 0 502 321 255 578 269 384 267 332 430 420 338 307 436 438 337 370 358 639 306 510 399 460 446 625 567 573 319 286 514 340 627 338 698 122 234
473 506 260 195 853 532 349 412 601 884 561 282 717 715 881 854 607 425 762 131 138 791 93 708 439 181 126 335 570 841 716 804 343 574 752 295 518 636 244 749 483 791 343 821 115 422 197 318 771 490 850 525 173 343 315 143 238 521 849 567 650 418 440 257 841 131 841 587 448 127 200 715 125 585 630 698 382 316 528 803 638 151 709 706 253 573 230 300 502 830 94 673 515 346 681 125 478 579 780 756 308 669 267 487 502 0 197 684 85 770 841 497 697 449 302 534 275 499 794 168 295 805 139 664 1011 288 45 57 665 152 608 772 772 512 201 404 762 322 617 451
283 319 430 374 771 427 206 219 512 698 382 399 527 538 744 722 581 328 580 80 257 757 236 525 244 175 297 149 509 710 577 714 245 400 638 297 328 551 376 587 426 628 154 773 137 491 216 369 588 388 816 420 131 447 421 307 432 436 819 414 472 309 256 311 701 78 671 394 447 191 85 652 316 398 448 677 340 282 493 614 491 146 514 510 422 383 410 141 308 738 286 514 345 164 549 225 330 467 605 602 395 473 249 507 321 197 0 488 280 589 687 309 573 311 313 454 98 352 678 40 277 655 326 471 829 168 164 148 663 248 603 577 579 512 158 492 566 477 442 260
241 235 898 852 767 521 426 281 587 294 250 828 165 262 568 571 766 505 247 559 717 874 711 223 252 597 777 365 647 569 463 704 498 271 581 647 211 616 821 366 618 380 351 854 604 851 634 743 240 516 919 520 566 855 838 780 917 561 931 357 251 486 289 708 530 559 373 122 724 647 509 730 803 199 225 843 608 599 693 203 396 594 66 29 889 161 886 420 194 716 773 353 302 360 471 688 376 505 302 411 798 39 608 795 255 684 488 0 767 256 461 232 513 416 667 581 424 391 602 518 617 458 811 102 426 479 649 634 871 702 821 92 142 767 564 876 85 929 250 254
558 590 192 122 887 600 429 497 643 961 644 249 801 788 938 909 623 476 837 211 137 807 98 792 521 230 106 420 603 896 775 842 398 657 801 321 602 675 205 817 516 859 423 842 180 404 253 318 847 558 865 593 249 312 284 98 154 564 862 633 733 490 524 264 899 215 911 669 461 167 274 745 66 669 713 710 416 353 551 882 700 224 793 789 187 653 155 375 583 868 47 739 598 424 738 166 544 630 853 821 290 752 304 489 578 85 280 767 0 845 905 582 750 526 322 574 360 577 842 250 328 868 86 749 1086 366 120 135 670 185 616 855 852 522 258 377 846 261 691 535
437 450 930 900 555 753 610 441 441 124 489 829 416 64 322 331 636 444 10 639 756 699 766 477 359 631 884 516 518 331 257 496 482 513 373 629 426 458 836 135 523 133 436 666 666 802 782 718 19 741 735 750 701 838 828 827 978 449 749 248 505 695 482 704 287 666 118 233 649 693 571 556 894 441 476 694 556 575 585 93 232 725 314 235 921 220 930 470 301 503 864 170 531 427 282 812 322 367 49 181 784 225 604 713 269 770 589 256 845 0 210 442 320 632 646 464 563 619 383 606 600 216 907 357 242 646 728 714 738 833 699 230 139 673 598 839 288 941 155 437
607 628 949 934 374 930 759 592 351 263 678 830 624 203 113 129 535 442 218 718 793 548 814 683 497 676 964 654 433 133 145 325 509 704 217 632 606 351 847 108 473 81 545 504 729 763 897 706 228 912 573 927 812 822 819 865 1018 396 588 275 705 857 647 711 85 761 110 410 600 740 645 417 962 634 675 568 540 582 511 294 205 832 522 443 941 382 959 550 453 324 933 173 712 527 186 909 364 306 162 86 775 427 622 651 384 841 687 461 905 210 0 617 201 801 644 402 688 796 208 693 609 42 979 560 285 782 797 785 625 934 601 440 348 602 647 807 497 944 269 600
29 15 738 682 845 314 197 98 615 513 89 697 220 419 710 702 757 471 432 388 563 903 545 217 165 461 571 162 651 696 568 781 426 116 671 550 23 652 679 510 594 539 227 898 442 760 412 640 432 300 956 311 354 737 715 615 735 562 964 412 173 258 62 591 667 367 554 211 668 494 361 769 606 90 144 848 546 513 672 420 481 383 230 260 730 236 718 306 174 800 578 465 98 250 559 476 377 540 479 546 682 239 503 738 267 497 309 232 582 442 617 0 597 191 570 584 222 180 702 346 522 601 611 175 649 254 470 455 857 487 800 322 364 725 432 773 291 783 353 54
578 610 770 762 255 894 693 542 151 421 675 644 673 272 191 160 337 275 322 585 627 379 655 723 444 521 822 582 232 146 66 192 355 703 74 454 592 152 666 190 278 215 455 348 583 566 788 519 337 868 417 889 703 631 631 698 849 204 430 186 725 802 608 531 157 639 279 419 402 583 513 237 812 640 692 380 356 407 311 412 120 718 578 505 762 380 784 433 424 206 783 162 694 431 42 783 249 121 282 151 587 474 452 451 332 697 573 513 750 320 201 597 0 758 463 206 600 767 109 569 434 161 830 598 477 700 653 643 432 810 402 527 446 402 496 611 575 757 265 564
196 185 708 643 995 137 105 216 749 702 178 702 350 606 888 877 861 581 622 382 553 1025 522 313 315 485 482 194 770 869 737 932 515 173 831 602 209 788 674 693 698 724 323 1029 439 800 298 679 622 113 1081 132 278 754 727 587 675 684 1087 573 244 73 155 621 844 330 743 400 745 495 390 901 530 227 240 957 629 580 773 609 647 303 399 444 701 421 678 385 348 953 507 641 119 350 722 382 518 683 668 726 704 428 554 809 430 449 311 416 526 632 801 191 758 0 620 706 217 52 866 348 580 781 528 338 838 162 438 425 953 382 894 502 553 808 466 802 461 766 533 201
542 583 307 304 568 740 518 473 334 769 656 187 764 583 653 620 305 206 640 259 186 490 226 781 432 146 417 438 284 606 502 526 172 679 501 21 583 362 204 576 201 618 345 522 214 190 471 76 653 701 549 733 407 194 183 247 391 261 548 401 742 622 533 69 619 327 679 547 147 176 231 424 387 656 713 397 107 71 230 709 448 403 715 679 299 514 324 265 476 552 365 501 634 325 462 421 325 343 638 566 139 638 68 196 420 302 313 667 322 646 644 570 463 620 0 266 404 658 542 280 51 604 407 693 874 480 268 268 367 450 309 738 701 213 156 209 752 301 496 517
559 598 570 569 322 840 620 503 69 582 671 442 721 404 393 359 185 128 463 441 443 321 477 758 419 354 658 513 69 345 258 271 210 699 236 260 587 103 467 360 72 396 383 325 423 361 660 315 477 808 376 835 580 426 426 510 656 23 383 231 741 733 573 335 363 505 461 464 198 411 378 199 638 651 708 267 161 222 121 547 235 587 643 583 563 423 589 329 430 296 612 297 672 356 217 636 213 101 440 336 383 545 271 254 338 534 454 581 574 464 402 584 206 706 266 0 511 728 276 438 247 361 657 643 663 608 492 485 290 665 242 625 562 210 337 406 659 553 346 538
199 231 522 463 818 341 116 144 563 662 288 496 442 519 758 740 654 384 554 176 353 824 329 434 205 270 354 62 571 729 595 758 309 304 670 386 243 602 472 583 494 621 147 835 233 585 220 464 559 304 882 334 144 544 519 399 513 491 887 426 378 226 165 407 714 145 657 347 531 288 174 709 385 310 356 750 417 365 566 574 504 171 441 449 514 346 499 182 265 781 357 516 249 170 571 264 352 507 587 606 492 416 338 594 307 275 98 424 360 563 688 222 600 217 404 511 0 256 709 137 364 660 391 392 797 100 251 235 743 280 682 515 531 595 250 589 497 572 428 178
192 170 757 693 1009 135 152 228 768 682 144 747 309 598 888 879 889 606 609 426 600 1048 570 267 324 526 534 224 793 872 742 946 544 132 840 640 193 806 720 689 725 718 346 1050 484 841 350 719 608 126 1104 132 328 798 772 636 726 706 1110 581 198 116 160 662 845 378 733 390 779 540 429 921 581 195 198 983 660 614 801 589 653 354 367 419 750 415 728 414 348 966 559 642 90 374 730 434 533 699 658 725 747 407 592 844 436 499 352 391 577 619 796 180 767 52 658 728 256 0 873 391 616 779 580 306 816 212 486 473 983 434 924 473 531 841 506 844 428 814 531 203
684 715 846 845 173 1001 801 650 209 464 778 716 764 347 137 101 356 369 387 686 715 342 746 817 551 615 919 690 278 88 140 118 453 806 42 535 697 188 742 249 345 257 563 297 680 618 893 589 401 976 365 997 809 695 698 783 932 282 381 293 824 910 715 610 129 743 311 517 458 676 616 218 905 742 792 371 436 493 357 475 222 822 667 591 838 479 865 539 529 121 878 250 799 539 144 884 357 215 338 202 656 564 540 495 438 794 678 602 842 383 208 702 109 866 542 276 709 873 0 673 519 179 924 692 491 808 750 742 434 912 419 605 518 442 593 666 657 826 361 671
320 357 392 338 758 462 243 255 499 718 420 359 564 553 745 721 556 314 598 43 218 734 199 563 271 138 278 188 489 709 578 702 229 439 632 264 365 537 337 596 405 637 175 753 98 454 223 332 606 422 793 455 143 408 382 270 399 421 796 419 511 344 295 273 702 71 683 420 417 152 61 634 291 436 486 652 315 254 468 636 494 151 547 540 384 406 374 143 334 727 261 521 384 180 547 217 332 459 620 608 357 502 218 474 337 168 40 518 250 606 693 346 569 348 280 438 137 391 673 0 246 659 303 506 847 201 131 116 635 243 575 606 604 483 125 454 598 438 456 296
494 536 340 328 560 702 478 425 316 723 608 229 714 538 625 593 318 167 595 231 196 501 231 732 382 122 416 394 277 580 469 514 123 632 478 31 535 348 240 536 190 578 296 528 194 239 450 126 608 664 560 696 380 242 229 265 415 239 561 358 694 585 487 105 589 300 639 497 171 168 192 421 393 607 664 412 89 28 235 662 409 379 665 629 332 465 352 217 426 541 368 460 588 275 430 408 279 314 594 529 186 588 30 230 370 295 277 617 328 600 609 522 434 580 51 247 364 616 519 246 0 569 412 643 832 445 256 253 390 437 331 688 653 238 122 260 701 342 450 469
588 612 909 894 349 912 735 570 311 286 665 789 622 196 112 116 496 402 222 683 754 516 776 679 473 639 929 628 392 116 104 296 471 692 183 592 590 311 807 93 431 83 515 474 692 722 866 665 234 893 543 908 781 781 778 826 979 355 558 241 697 835 627 671 73 728 132 396 559 703 610 382 926 622 666 532 499 542 471 305 168 800 520 441 900 365 919 517 433 298 896 144 697 496 145 876 329 265 168 56 734 422 582 610 358 805 655 458 868 216 42 601 161 781 604 361 660 779 179 659 569 0 942 555 321 756 761 749 587 901 561 445 354 562 610 766 500 903 248 580
589 617 239 173 972 585 440 534 726 1020 664 324 829 853 1016 988 709 556 899 268 223 892 183 813 570 309 49 452 688 975 852 926 476 674 882 406 632 759 279 887 601 929 477 927 251 483 235 402 908 544 950 578 260 386 359 177 159 647 947 705 751 483 551 349 976 252 980 720 546 248 338 830 21 695 735 795 500 436 636 938 775 231 831 834 237 708 196 439 634 952 47 811 614 482 816 147 616 711 919 894 370 798 387 572 639 139 326 811 86 907 979 611 830 528 407 657 391 580 924 303 412 942 0 783 1148 375 183 195 753 154 700 901 905 606 334 452 887 314 755 569
194 172 895 843 853 430 369 253 657 391 163 840 78 360 666 668 826 552 348 548 716 947 703 126 262 604 744 331 711 664 553 789 530 178 668 673 152 689 827 463 671 479 355 932 598 881 587 767 342 430 995 430 528 873 853 774 901 622 1006 430 150 410 236 726 627 535 474 183 767 646 508 805 777 112 125 909 647 628 749 303 479 557 62 126 887 224 879 432 222 803 748 442 220 371 557 650 431 576 403 507 817 134 629 838 306 664 471 102 749 357 560 175 598 338 693 643 392 306 692 506 643 555 783 0 521 428 634 618 931 661 878 169 240 816 572 901 123 934 334 215
651 654 1166 1138 651 947 832 667 623 137 676 1060 555 299 372 401 814 669 250 881 995 832 1006 619 594 870 1124 746 705 410 414 607 716 696 502 859 630 628 1070 305 729 268 675 787 907 1018 1016 944 241 942 855 945 938 1063 1056 1066 1218 653 871 474 666 906 698 936 364 906 202 454 858 933 813 702 1135 625 645 852 778 805 780 230 434 963 463 399 1157 452 1168 712 532 603 1105 375 727 668 452 1051 556 563 238 330 1011 411 837 916 510 1011 829 426 1086 242 285 649 477 838 874 663 797 816 491 847 832 321 1148 521 0 874 969 955 907 1071 879 354 286 871 838 1058 411 1173 396 656
239 257 546 482 918 262 66 208 662 738 293 544 463 606 855 838 746 481 636 229 395 919 362 441 290 338 331 131 667 828 693 858 404 301 770 464 276 701 514 676 588 713 246 931 285 652 160 532 640 222 977 255 118 598 571 426 517 589 981 524 377 143 193 471 811 171 745 420 615 340 253 807 374 329 363 842 506 450 657 647 602 145 483 506 540 426 517 281 345 881 350 612 240 270 670 231 452 607 673 701 551 478 417 674 399 288 168 479 366 646 782 254 700 162 480 608 100 212 808 201 445 756 375 428 874 0 277 265 830 237 770 570 599 680 325 649 543 605 518 226
445 480 273 213 812 531 335 382 559 843 538 273 690 672 837 810 571 381 720 91 123 756 85 684 402 139 170 309 530 797 672 762 299 553 709 259 490 594 239 705 443 747 304 783 71 402 212 292 729 489 814 524 170 331 303 151 268 479 814 523 628 414 415 230 797 110 798 550 414 92 157 676 168 559 606 664 342 276 490 763 593 154 677 671 266 534 249 258 464 788 137 629 496 305 637 154 434 536 738 712 291 633 228 457 460 45 164 649 120 728 797 470 653 438 268 492 251 486 750 131 256 761 183 634 969 277 0 16 633 182 576 737 733 480 158 389 729 328 575 422
430 464 287 228 806 520 322 367 552 828 523 283 674 658 827 800 569 373 706 76 132 754 97 669 386 134 180 293 525 787 661 755 289 539 700 258 475 587 250 693 438 735 289 780 63 408 207 296 715 478 813 513 160 340 312 165 284 472 813 511 613 403 400 233 786 96 785 534 414 94 143 671 181 544 591 663 338 272 488 748 582 146 661 655 280 519 264 244 449 781 151 617 481 290 627 155 422 527 724 700 298 617 224 459 446 57 148 634 135 714 785 455 643 425 268 485 235 473 742 116 253 749 195 618 955 265 16 0 634 184 576 721 718 480 150 396 713 342 561 407
830 871 578 610 341 1082 857 769 298 848 945 447 1008 681 570 534 106 387 738 621 536 164 581 1042 695 509 772 760 225 521 496 342 440 972 411 378 863 282 489 617 264 646 640 220 580 292 837 352 753 1046 212 1076 770 396 415 578 689 311 204 519 1021 968 838 410 558 690 710 753 221 542 579 217 733 930 988 71 326 382 185 826 508 768 932 872 573 713 614 570 714 361 715 569 939 613 462 786 500 376 706 582 390 834 420 182 625 665 663 871 670 738 625 857 432 953 367 290 743 983 434 635 390 587 753 931 907 830 633 634 0 815 61 913 846 155 512 338 948 527 633 808
468 491 375 305 986 432 302 422 729 938 530 426 700 784 987 963 753 547 824 226 288 937 242 678 479 317 106 338 708 951 820 933 462 536 871 441 509 766 385 835 620 876 399 964 244 572 84 470 831 391 996 425 137 489 460 278 310 650 996 660 613 331 425 408 945 174 919 625 596 274 297 853 161 565 599 846 521 455 671 851 736 110 714 728 370 621 335 385 542 959 148 762 475 412 789 30 574 698 852 849 458 695 408 638 567 152 248 702 185 833 934 487 810 382 450 665 280 434 912 243 437 901 154 661 1071 237 182 184 815 0 757 794 810 662 328 551 772 446 689 451
773 814 534 562 351 1023 797 711 260 812 888 401 955 640 555 518 66 330 698 561 481 200 526 988 638 450 717 701 182 505 466 340 381 915 392 319 806 251 441 583 208 614 581 248 521 252 778 299 713 986 254 1016 710 353 370 526 643 261 249 472 965 908 779 354 539 630 679 702 162 484 518 211 680 874 932 99 266 322 130 785 468 709 881 824 529 662 568 511 659 362 661 530 881 555 429 729 447 334 670 551 341 785 360 131 573 608 603 821 616 699 601 800 402 894 309 242 682 924 419 575 331 561 700 878 879 770 576 576 61 757 0 867 802 96 452 301 899 487 588 750
332 323 980 936 775 599 517 372 621 230 330 905 204 259 551 560 808 563 223 646 799 900 796 268 336 678 867 456 688 560 471 714 567 347 590 718 300 647 900 359 669 363 436 875 689 917 726 814 213 598 942 598 658 929 912 864 1003 606 955 395 313 573 380 783 517 649 340 194 782 730 593 756 892 278 292 880 670 668 742 152 418 686 110 67 972 224 970 501 276 724 862 366 385 441 487 779 431 540 279 406 872 105 681 852 319 772 577 92 855 230 440 322 527 502 738 625 515 473 605 606 688 445 901 169 354 570 737 721 913 794 867 0 92 821 644 945 61 1008 281 346
368 369 962 923 689 661 552 393 550 153 391 877 288 175 460 470 741 514 133 642 783 823 784 352 335 658 875 476 622 470 387 629 530 412 505 683 345 573 876 270 611 272 429 794 679 873 748 777 122 656 862 660 674 894 881 851 995 544 875 332 389 621 416 752 426 655 249 186 731 715 582 678 894 340 364 808 624 631 681 64 342 701 187 115 954 200 956 484 272 638 864 286 441 430 406 793 382 471 188 317 838 126 650 799 286 772 579 142 852 139 348 364 446 553 701 562 531 531 518 604 653 354 905 240 286 599 733 718 846 810 802 92 0 763 624 905 151 984 217 376
698 739 451 474 409 935 710 633 252 791 814 315 892 611 575 538 111 265 670 467 386 288 431 921 568 356 622 617 171 524 460 385 301 840 409 224 734 258 354 568 153 603 502 329 426 182 683 206 685 897 344 928 616 275 287 434 556 224 341 433 894 819 700 259 552 536 669 646 67 388 428 261 586 803 862 189 181 231 92 753 444 614 825 773 445 607 481 428 595 410 567 506 802 477 420 633 392 310 650 542 254 732 266 54 514 512 512 767 522 673 602 725 402 808 213 210 595 841 442 483 238 562 606 816 871 680 480 480 155 662 96 821 763 0 359 232 848 411 547 674
404 444 339 302 658 585 363 335 403 718 514 268 638 539 682 654 436 224 591 111 160 617 170 648 315 35 327 288 380 641 518 607 142 536 551 139 448 439 258 560 293 603 217 640 88 336 332 215 602 545 677 578 259 306 284 230 381 323 678 376 603 467 389 161 642 180 657 451 292 96 77 526 317 521 575 532 197 133 350 645 443 260 603 581 330 426 334 144 370 632 288 483 487 205 482 300 288 379 602 563 250 540 93 350 340 201 158 564 258 598 647 432 496 466 156 337 250 506 593 125 122 610 334 572 838 325 158 150 512 328 452 644 624 359 0 343 648 366 443 379
744 786 245 289 640 910 697 675 464 962 856 129 972 776 794 758 339 396 835 422 268 498 312 986 640 319 482 631 389 744 662 616 379 878 630 229 787 479 173 755 335 794 550 548 365 51 598 135 849 869 549 903 555 66 93 279 359 411 542 591 944 792 732 183 766 481 858 755 210 311 419 492 432 860 916 398 284 278 310 909 625 542 924 888 241 722 284 471 685 641 423 684 829 532 621 526 524 502 825 737 99 846 273 180 627 404 492 876 377 839 807 773 611 802 209 406 589 844 666 454 260 766 452 901 1058 649 389 396 338 551 301 945 905 232 343 0 960 189 695 719
305 290 981 933 825 551 486 354 660 289 285 912 145 311 608 616 843 587 280 639 799 943 792 209 334 681 851 437 724 615 521 763 582 299 640 732 268 687 905 413 698 419 434 920 685 935 701 827 270 552 987 550 637 940 922 862 997 639 999 431 258 533 351 793 573 636 399 206 807 730 591 799 879 234 240 918 691 683 773 212 462 666 62 76 972 243 968 504 279 774 850 413 342 443 533 759 457 578 336 459 883 117 692 877 338 762 566 85 846 288 497 291 575 461 752 659 497 428 657 598 701 500 887 123 411 543 729 713 948 772 899 61 151 848 648 960 0 1013 319 322
756 794 75 143 818 854 663 688 618 1064 858 114 997 879 946 912 521 507 935 397 221 686 245 999 680 333 355 625 552 898 800 789 460 875 787 315 801 639 109 877 483 918 581 734 341 236 512 239 948 812 737 846 494 137 129 180 184 553 730 700 948 740 732 238 914 437 979 815 373 289 427 669 298 872 924 585 404 368 478 999 748 472 968 946 78 789 120 509 735 815 300 801 820 570 760 427 619 640 936 867 171 905 338 361 698 322 477 929 261 941 944 783 757 766 301 553 572 814 826 438 342 903 314 934 1173 605 328 342 527 446 487 1008 984 411 366 189 1013 0 788 731
340 365 775 745 520 664 492 324 342 276 422 678 408 98 358 350 528 300 149 488 601 625 611 458 230 476 734 388 409 344 222 456 329 449 336 479 344 368 683 161 395 196 291 604 512 661 643 570 160 645 670 660 560 689 678 672 823 328 681 116 464 589 379 552 314 518 231 157 515 538 418 481 742 383 432 600 412 425 465 214 147 582 315 246 767 120 775 318 185 470 711 114 450 278 224 666 172 260 164 194 634 212 451 582 122 617 442 250 691 155 269 353 265 533 496 346 428 531 361 456 450 248 755 334 396 518 575 561 633 689 588 281 217 547 443 695 319 788 0 333
26 67 688 633 808 333 177 45 573 519 141 644 268 408 688 678 709 423 427 338 511 858 495 270 123 408 531 117 605 670 539 745 374 166 638 497 70 610 627 493 545 524 174 856 391 706 381 587 429 313 912 329 316 684 662 565 688 516 920 379 226 259 47 538 644 321 546 205 617 443 308 726 563 143 197 800 495 460 623 426 450 345 264 280 680 222 669 253 148 764 534 441 135 198 527 438 335 500 471 525 628 253 450 686 234 451 260 254 535 437 600 54 564 201 517 538 178 203 671 296 469 580 569 215 656 226 422 407 808 451 750 346 376 674 379 719 322 731 333 0
