20
0 613 662 380 265 321 724 634 437 557 253 312 96 848 737 105 799 208 495 407
613 0 769 389 613 517 114 210 240 187 362 674 648 720 517 675 300 796 356 463
662 769 0 422 398 906 813 597 553 877 662 962 585 297 372 598 682 634 414 340
380 389 422 0 245 518 468 299 150 462 259 614 359 503 362 385 454 491 117 83
265 613 398 245 0 541 704 543 379 638 342 572 189 609 537 205 696 275 347 216
321 517 906 518 541 0 627 641 472 373 261 163 414 1020 859 425 789 517 603 585
724 114 813 468 704 627 0 219 326 275 474 785 754 722 518 781 238 902 411 534
634 210 597 299 543 641 219 0 198 383 417 782 638 513 308 666 165 779 210 346
437 240 553 150 379 472 326 198 0 324 226 599 446 574 393 474 363 590 153 228
557 187 877 462 638 373 275 383 324 0 315 536 617 875 678 641 486 760 472 544
253 362 662 259 342 261 474 417 226 315 0 374 303 759 601 327 577 448 344 330
312 674 962 614 572 163 785 782 599 536 374 0 405 1114 970 406 936 465 713 668
96 648 585 359 189 414 754 638 446 617 303 405 0 792 700 28 801 148 475 367
848 720 297 503 609 1020 722 513 574 875 759 1114 792 0 205 812 524 876 424 448
737 517 372 362 537 859 518 308 393 678 601 970 700 205 0 723 331 811 258 334
105 675 598 385 205 425 781 666 474 641 327 406 28 812 723 0 829 122 501 391
799 300 682 454 696 789 238 165 363 486 577 936 801 524 331 829 0 941 351 488
208 796 634 491 275 517 902 779 590 760 448 465 148 876 811 122 941 0 604 483
495 356 414 117 347 603 411 210 153 472 344 713 475 424 258 501 351 604 0 138
407 463 340 83 216 585 534 346 228 544 330 668 367 448 334 391 488 483 138 0
