26
0 648 258 332 331 626 454 471 897 495 356 480 109 579 686 565 513 851 812 371 994 644 544 371 521 517
648 0 711 624 470 608 603 384 318 242 564 607 582 239 367 254 375 273 191 436 468 183 792 591 183 503
258 711 0 136 549 859 698 665 883 493 598 289 197 725 860 537 704 960 833 300 1130 638 801 192 642 376
332 624 136 0 558 869 726 650 763 390 627 158 236 679 825 422 685 886 726 190 1067 526 853 57 586 240
331 470 549 558 0 313 181 151 779 453 102 657 353 301 369 530 193 587 659 471 696 558 354 569 292 630
626 608 859 869 313 0 182 251 920 697 271 960 663 370 293 765 241 578 784 766 594 757 274 877 441 918
454 603 698 726 181 182 0 221 920 626 101 834 505 388 384 701 242 653 792 651 715 718 190 741 421 811
471 384 665 650 151 251 221 0 702 446 208 723 473 170 219 515 43 449 572 525 547 514 409 649 204 672
897 318 883 763 779 920 920 702 0 405 876 679 809 551 656 347 692 440 138 584 615 255 1109 714 500 557
495 242 493 390 453 697 626 446 405 0 554 366 404 380 535 78 461 513 341 201 705 152 806 353 281 268
356 564 598 627 102 271 101 208 876 554 0 738 404 375 410 630 243 656 754 559 745 659 254 644 383 721
480 607 289 158 657 960 834 723 679 366 738 0 376 715 869 368 752 879 668 200 1070 471 978 110 616 123
109 582 197 236 353 663 505 473 809 404 404 376 0 551 676 469 513 806 733 265 964 555 620 268 478 409
579 239 725 679 301 370 388 170 551 380 375 715 551 0 156 431 147 287 416 518 416 400 573 664 101 639
686 367 860 825 369 293 384 219 656 535 410 869 676 156 0 584 177 286 519 671 335 542 546 813 256 794
565 254 537 422 530 765 701 515 347 78 630 368 469 431 584 0 526 524 306 238 721 106 883 377 336 255
513 375 704 685 193 241 242 43 692 461 243 752 513 147 177 526 0 416 560 553 506 517 427 682 201 696
851 273 960 886 587 578 653 449 440 513 656 879 806 287 286 524 416 0 317 702 198 440 826 857 331 776
812 191 833 726 659 784 792 572 138 341 754 668 733 416 519 306 560 317 0 537 503 200 980 682 373 550
371 436 300 190 471 766 651 525 584 201 559 200 265 518 671 238 553 702 537 0 888 340 808 155 420 163
994 468 1130 1067 696 594 715 547 615 705 745 1070 964 416 335 721 506 198 503 888 0 637 864 1042 489 970
644 183 638 526 558 757 718 514 255 152 659 471 555 400 542 106 517 440 200 340 637 0 905 482 317 355
544 792 801 853 354 274 190 409 1109 806 254 978 620 573 546 883 427 826 980 808 864 905 0 878 610 970
371 591 192 57 569 877 741 649 714 353 644 110 268 664 813 377 682 857 682 155 1042 482 878 0 568 184
521 183 642 586 292 441 421 204 500 281 383 616 478 101 256 336 201 331 373 420 489 317 610 568 0 539
517 503 376 240 630 918 811 672 557 268 721 123 409 639 794 255 696 776 550 163 970 355 970 184 539 0
