20
0 570 692 799 549 614 340 736 190 205 588 149 799 417 707 557 455 541 784 419
570 0 966 668 735 534 509 839 518 745 285 460 673 323 180 93 124 82 955 345
692 966 0 569 235 516 471 260 547 564 749 637 563 644 983 1019 857 997 172 623
799 668 569 0 397 187 464 319 613 819 383 660 8 438 583 754 616 736 448 423
549 735 235 397 0 296 258 192 372 485 515 456 392 413 749 792 629 771 245 391
614 534 516 187 296 0 283 320 429 648 262 473 188 261 494 612 460 592 448 244
340 509 471 464 258 283 0 423 151 370 358 215 463 199 564 552 392 531 502 183
736 839 260 319 192 320 423 0 554 675 580 633 312 530 813 909 749 888 133 508
190 518 547 613 372 429 151 554 0 251 449 91 612 272 617 536 395 517 615 267
205 745 564 819 485 648 370 675 251 0 700 286 817 523 861 745 624 727 689 517
588 285 749 383 515 262 358 580 449 700 0 441 388 177 236 372 247 354 705 184
149 460 637 660 456 473 215 633 91 286 441 0 660 269 579 467 339 448 700 271
799 673 563 8 392 188 463 312 612 817 388 660 0 441 590 759 620 741 441 425
417 323 644 438 413 261 199 530 272 523 177 269 441 0 366 382 220 361 638 23
707 180 983 583 749 494 564 813 617 861 236 579 590 366 0 262 257 257 939 382
557 93 1019 754 792 612 552 909 536 745 372 467 759 382 262 0 163 22 1019 404
455 124 857 616 629 460 392 749 395 624 247 339 620 220 257 163 0 142 857 242
541 82 997 736 771 592 531 888 517 727 354 448 741 361 257 22 142 0 998 383
784 955 172 448 245 448 502 133 615 689 705 700 441 638 939 1019 857 998 0 616
419 345 623 423 391 244 183 508 267 517 184 271 425 23 382 404 242 383 616 0
