19
0 266 323 273 458 378 342 755 289 898 308 567 754 412 489 982 782 178 301
266 0 163 388 487 634 606 709 539 756 522 354 797 276 406 846 817 411 434
323 163 0 523 644 698 651 871 611 902 623 479 956 436 569 992 977 497 565
273 388 523 0 199 375 403 514 288 719 198 513 482 318 312 791 510 189 48
458 487 644 199 0 543 586 316 468 550 358 463 313 289 197 614 336 386 204
378 634 698 375 543 0 89 848 98 1088 185 869 725 680 687 1155 758 230 348
342 606 651 403 586 89 0 898 119 1121 234 870 793 687 712 1193 826 229 384
755 709 871 514 316 848 898 0 780 315 666 508 259 438 303 345 246 701 519
289 539 611 288 468 98 119 780 0 1006 118 773 681 585 600 1076 714 133 267
898 756 902 719 550 1088 1121 315 1006 0 904 435 572 496 416 91 557 901 741
308 522 623 198 358 185 234 666 118 904 0 706 564 513 506 970 597 131 164
567 354 479 513 463 869 870 508 773 435 706 0 699 195 272 525 705 644 556
754 797 956 482 313 725 793 259 681 572 564 699 0 568 438 593 34 643 463
412 276 436 318 289 680 687 438 585 496 513 195 568 0 138 583 581 459 361
489 406 569 312 197 687 712 303 600 416 506 272 438 138 0 495 449 488 343
982 846 992 791 614 1155 1193 345 1076 91 970 525 593 583 495 0 573 976 810
782 817 977 510 336 758 826 246 714 557 597 705 34 581 449 573 0 674 493
178 411 497 189 386 230 229 701 133 901 131 644 643 459 488 976 674 0 187
301 434 565 48 204 348 384 519 267 741 164 556 463 361 343 810 493 187 0
