28
0 918 226 530 905 183 437 433 851 656 643 467 149 576 625 746 768 862 485 78 149 733 383 311 106 348 53 934
918 0 933 697 322 862 488 895 751 753 278 610 855 566 297 626 326 59 588 905 844 244 543 828 824 608 895 685
226 933 0 377 840 83 454 221 683 482 677 619 113 466 663 604 710 875 632 150 356 711 462 137 199 326 179 786
530 697 377 0 509 360 358 223 321 137 517 677 385 133 514 227 401 643 677 463 586 454 458 242 436 275 479 411
905 322 840 509 0 790 491 731 454 513 397 757 797 385 414 357 138 300 741 865 881 217 599 711 800 558 867 370
183 862 83 360 790 0 379 253 678 479 602 538 39 429 587 584 656 804 551 108 292 647 380 129 126 255 131 770
437 488 454 358 491 379 0 475 610 481 224 335 368 288 210 467 356 431 330 417 392 300 123 371 338 133 409 638
433 895 221 223 731 253 475 0 484 285 679 735 290 349 671 433 617 839 743 356 540 654 536 137 372 350 382 599
851 751 683 321 454 678 610 484 0 202 684 944 705 324 690 147 430 712 939 783 903 540 729 553 757 571 800 134
656 753 482 137 513 479 481 285 202 0 613 808 508 209 614 166 434 704 807 586 721 515 588 353 567 410 604 315
643 278 677 517 397 602 224 679 684 613 0 367 590 405 21 539 296 224 349 634 567 183 266 588 551 353 622 668
467 610 619 677 757 538 335 735 944 808 367 0 507 622 348 801 639 567 25 503 330 541 220 603 426 407 477 967
149 855 113 385 797 39 368 290 705 508 590 507 0 445 575 606 662 797 520 79 254 646 358 163 89 251 97 793
576 566 466 133 385 429 288 349 324 209 405 622 445 0 405 187 269 513 618 520 599 322 405 332 473 256 529 371
625 297 663 514 414 587 210 671 690 614 21 348 575 405 0 544 310 243 330 617 548 199 247 577 535 341 605 677
746 626 604 227 357 584 467 433 147 166 539 801 606 187 544 0 301 583 795 684 782 403 587 469 647 441 697 189
768 326 710 401 138 656 356 617 430 434 296 639 662 269 310 301 0 283 625 729 745 120 467 584 663 421 730 385
862 59 875 643 300 804 431 839 712 704 224 567 797 513 243 583 283 0 546 847 791 191 489 770 767 550 839 653
485 588 632 677 741 551 330 743 939 807 349 25 520 618 330 795 625 546 0 519 351 525 220 612 441 409 495 959
78 905 150 463 865 108 417 356 783 586 634 503 79 520 617 684 729 847 519 0 210 705 386 237 85 311 30 871
149 844 356 586 881 292 392 540 903 721 567 330 254 599 548 782 745 791 351 210 0 688 303 406 168 346 180 969
733 244 711 454 217 647 300 654 540 515 183 541 646 322 199 403 120 191 525 705 688 0 394 597 631 396 702 503
383 543 462 458 599 380 123 536 729 588 266 220 358 405 247 587 467 489 220 386 303 394 0 412 301 192 370 760
311 828 137 242 711 129 371 137 553 353 588 603 163 332 577 469 584 770 612 237 406 597 412 0 238 239 259 651
106 824 199 436 800 126 338 372 757 567 551 426 89 473 535 647 663 767 441 85 168 631 301 238 0 243 72 835
348 608 326 275 558 255 133 350 571 410 353 407 251 256 341 441 421 550 409 311 346 396 192 239 243 0 310 626
53 895 179 479 867 131 409 382 800 604 622 477 97 529 605 697 730 839 495 30 180 702 370 259 72 310 0 885
934 685 786 411 370 770 638 599 134 315 668 967 793 371 677 189 385 653 959 871 969 503 760 651 835 626 885 0
